1778073706239 0.8179 0 795f09b20b8c4f1384e2b358154994e1
1778073706239 0.8179 0 795f09b20b8c4f1384e2b358154994e1
1778073706239 0.8179 0 795f09b20b8c4f1384e2b358154994e1
1778073706239 0.8179 0 795f09b20b8c4f1384e2b358154994e1
1778073706239 0.8179 0 795f09b20b8c4f1384e2b358154994e1
1778073706239 0.8179 0 795f09b20b8c4f1384e2b358154994e1
1778073706239 0.8179 0 795f09b20b8c4f1384e2b358154994e1
1778073706239 0.8179 0 795f09b20b8c4f1384e2b358154994e1
1778073706239 0.8179 0 795f09b20b8c4f1384e2b358154994e1
1778073706239 0.8179 0 795f09b20b8c4f1384e2b358154994e1
1778073706239 0.8179 0 795f09b20b8c4f1384e2b358154994e1
1778073706239 0.8179 0 795f09b20b8c4f1384e2b358154994e1
1778073706239 0.8179 0 795f09b20b8c4f1384e2b358154994e1
1778073706239 0.8179 0 795f09b20b8c4f1384e2b358154994e1
1778073706239 0.8179 0 795f09b20b8c4f1384e2b358154994e1
1778073706239 0.8179 0 795f09b20b8c4f1384e2b358154994e1
