1778078813529 0.8179 0 f61767b372b240f6a68d906c41adb465
1778078813529 0.8179 0 f61767b372b240f6a68d906c41adb465
1778078813529 0.8179 0 f61767b372b240f6a68d906c41adb465
1778078813529 0.8179 0 f61767b372b240f6a68d906c41adb465
1778078813529 0.8179 0 f61767b372b240f6a68d906c41adb465
1778078813529 0.8179 0 f61767b372b240f6a68d906c41adb465
1778078813529 0.8179 0 f61767b372b240f6a68d906c41adb465
1778078813529 0.8179 0 f61767b372b240f6a68d906c41adb465
1778078813529 0.8179 0 f61767b372b240f6a68d906c41adb465
1778078813529 0.8179 0 f61767b372b240f6a68d906c41adb465
1778078813529 0.8179 0 f61767b372b240f6a68d906c41adb465
1778078813529 0.8179 0 f61767b372b240f6a68d906c41adb465
1778078813529 0.8179 0 f61767b372b240f6a68d906c41adb465
1778078813529 0.8179 0 f61767b372b240f6a68d906c41adb465
1778078813529 0.8179 0 f61767b372b240f6a68d906c41adb465
1778078813529 0.8179 0 f61767b372b240f6a68d906c41adb465
