1778064885246 0.572 0
1778064885246 0.572 0
1778064885246 0.572 0
1778064885246 0.572 0
1778064885246 0.572 0
1778064885246 0.572 0
1778064885246 0.572 0
1778064885246 0.572 0
1778064885246 0.572 0
1778064885246 0.572 0
1778064885246 0.572 0
1778064885246 0.572 0
1778064885246 0.572 0
1778064885246 0.572 0
1778064885246 0.572 0
1778064885246 0.572 0
1778064885246 0.572 0
1778064885246 0.572 0
1778064885246 0.572 0
1778064885246 0.572 0
1778064885246 0.572 0
1778064885246 0.572 0
1778064885246 0.572 0
1778064885246 0.572 0
1778064885246 0.572 0
1778064885246 0.572 0
1778064885246 0.572 0
1778064885246 0.572 0
1778064885246 0.572 0
1778064885246 0.572 0
1778064885246 0.572 0
1778064885246 0.572 0
