1778064885246 0.8921 0
1778064885246 0.8921 0
1778064885246 0.8921 0
1778064885246 0.8921 0
1778064885246 0.8921 0
1778064885246 0.8921 0
1778064885246 0.8921 0
1778064885246 0.8921 0
1778064885246 0.8921 0
1778064885246 0.8921 0
1778064885246 0.8921 0
1778064885246 0.8921 0
1778064885246 0.8921 0
1778064885246 0.8921 0
1778064885246 0.8921 0
1778064885246 0.8921 0
1778064885246 0.8921 0
1778064885246 0.8921 0
1778064885246 0.8921 0
1778064885246 0.8921 0
1778064885246 0.8921 0
1778064885246 0.8921 0
1778064885246 0.8921 0
1778064885246 0.8921 0
1778064885246 0.8921 0
1778064885246 0.8921 0
1778064885246 0.8921 0
1778064885246 0.8921 0
1778064885246 0.8921 0
1778064885246 0.8921 0
1778064885246 0.8921 0
1778064885246 0.8921 0
