1778064885246 0.8179 0
1778064885246 0.8179 0
1778064885246 0.8179 0
1778064885246 0.8179 0
1778064885246 0.8179 0
1778064885246 0.8179 0
1778064885246 0.8179 0
1778064885246 0.8179 0
1778064885246 0.8179 0
1778064885246 0.8179 0
1778064885246 0.8179 0
1778064885246 0.8179 0
1778064885246 0.8179 0
1778064885246 0.8179 0
1778064885246 0.8179 0
1778064885246 0.8179 0
1778064885246 0.8179 0
1778064885246 0.8179 0
1778064885246 0.8179 0
1778064885246 0.8179 0
1778064885246 0.8179 0
1778064885246 0.8179 0
1778064885246 0.8179 0
1778064885246 0.8179 0
1778064885246 0.8179 0
1778064885246 0.8179 0
1778064885246 0.8179 0
1778064885246 0.8179 0
1778064885246 0.8179 0
1778064885246 0.8179 0
1778064885246 0.8179 0
1778064885246 0.8179 0
