1778064885246 0.7919 0
1778064885246 0.7919 0
1778064885246 0.7919 0
1778064885246 0.7919 0
1778064885246 0.7919 0
1778064885246 0.7919 0
1778064885246 0.7919 0
1778064885246 0.7919 0
1778064885246 0.7919 0
1778064885246 0.7919 0
1778064885246 0.7919 0
1778064885246 0.7919 0
1778064885246 0.7919 0
1778064885246 0.7919 0
1778064885246 0.7919 0
1778064885246 0.7919 0
1778064885246 0.7919 0
1778064885246 0.7919 0
1778064885246 0.7919 0
1778064885246 0.7919 0
1778064885246 0.7919 0
1778064885246 0.7919 0
1778064885246 0.7919 0
1778064885246 0.7919 0
1778064885246 0.7919 0
1778064885246 0.7919 0
1778064885246 0.7919 0
1778064885246 0.7919 0
1778064885246 0.7919 0
1778064885246 0.7919 0
1778064885246 0.7919 0
1778064885246 0.7919 0
