1778064885246 0.8206 0
1778064885246 0.8206 0
1778064885246 0.8206 0
1778064885246 0.8206 0
1778064885246 0.8206 0
1778064885246 0.8206 0
1778064885246 0.8206 0
1778064885246 0.8206 0
1778064885246 0.8206 0
1778064885246 0.8206 0
1778064885246 0.8206 0
1778064885246 0.8206 0
1778064885246 0.8206 0
1778064885246 0.8206 0
1778064885246 0.8206 0
1778064885246 0.8206 0
1778064885246 0.8206 0
1778064885246 0.8206 0
1778064885246 0.8206 0
1778064885246 0.8206 0
1778064885246 0.8206 0
1778064885246 0.8206 0
1778064885246 0.8206 0
1778064885246 0.8206 0
1778064885246 0.8206 0
1778064885246 0.8206 0
1778064885246 0.8206 0
1778064885246 0.8206 0
1778064885246 0.8206 0
1778064885246 0.8206 0
1778064885246 0.8206 0
1778064885246 0.8206 0
