1778064885246 4.0 0
1778064885246 4.0 0
1778064885246 4.0 0
1778064885246 4.0 0
1778064885246 4.0 0
1778064885246 4.0 0
1778064885246 4.0 0
1778064885246 4.0 0
1778064885246 4.0 0
1778064885246 4.0 0
1778064885246 4.0 0
1778064885246 4.0 0
1778064885246 4.0 0
1778064885246 4.0 0
1778064885246 4.0 0
1778064885246 4.0 0
1778064885246 4.0 0
1778064885246 4.0 0
1778064885246 4.0 0
1778064885246 4.0 0
1778064885246 4.0 0
1778064885246 4.0 0
1778064885246 4.0 0
1778064885246 4.0 0
1778064885246 4.0 0
1778064885246 4.0 0
1778064885246 4.0 0
1778064885246 4.0 0
1778064885246 4.0 0
1778064885246 4.0 0
1778064885246 4.0 0
1778064885246 4.0 0
