1778064885246 1137394.18 0
1778064885246 1137394.18 0
1778064885246 1137394.18 0
1778064885246 1137394.18 0
1778064885246 1137394.18 0
1778064885246 1137394.18 0
1778064885246 1137394.18 0
1778064885246 1137394.18 0
1778064885246 1137394.18 0
1778064885246 1137394.18 0
1778064885246 1137394.18 0
1778064885246 1137394.18 0
1778064885246 1137394.18 0
1778064885246 1137394.18 0
1778064885246 1137394.18 0
1778064885246 1137394.18 0
1778064885246 1137394.18 0
1778064885246 1137394.18 0
1778064885246 1137394.18 0
1778064885246 1137394.18 0
1778064885246 1137394.18 0
1778064885246 1137394.18 0
1778064885246 1137394.18 0
1778064885246 1137394.18 0
1778064885246 1137394.18 0
1778064885246 1137394.18 0
1778064885246 1137394.18 0
1778064885246 1137394.18 0
1778064885246 1137394.18 0
1778064885246 1137394.18 0
1778064885246 1137394.18 0
1778064885246 1137394.18 0
