1778064885246 0.82 0
1778064885246 0.82 0
1778064885246 0.82 0
1778064885246 0.82 0
1778064885246 0.82 0
1778064885246 0.82 0
1778064885246 0.82 0
1778064885246 0.82 0
1778064885246 0.82 0
1778064885246 0.82 0
1778064885246 0.82 0
1778064885246 0.82 0
1778064885246 0.82 0
1778064885246 0.82 0
1778064885246 0.82 0
1778064885246 0.82 0
1778064885246 0.82 0
1778064885246 0.82 0
1778064885246 0.82 0
1778064885246 0.82 0
1778064885246 0.82 0
1778064885246 0.82 0
1778064885246 0.82 0
1778064885246 0.82 0
1778064885246 0.82 0
1778064885246 0.82 0
1778064885246 0.82 0
1778064885246 0.82 0
1778064885246 0.82 0
1778064885246 0.82 0
1778064885246 0.82 0
1778064885246 0.82 0
