1778064885246 0.826 0
1778064885246 0.826 0
1778064885246 0.826 0
1778064885246 0.826 0
1778064885246 0.826 0
1778064885246 0.826 0
1778064885246 0.826 0
1778064885246 0.826 0
1778064885246 0.826 0
1778064885246 0.826 0
1778064885246 0.826 0
1778064885246 0.826 0
1778064885246 0.826 0
1778064885246 0.826 0
1778064885246 0.826 0
1778064885246 0.826 0
1778064885246 0.826 0
1778064885246 0.826 0
1778064885246 0.826 0
1778064885246 0.826 0
1778064885246 0.826 0
1778064885246 0.826 0
1778064885246 0.826 0
1778064885246 0.826 0
1778064885246 0.826 0
1778064885246 0.826 0
1778064885246 0.826 0
1778064885246 0.826 0
1778064885246 0.826 0
1778064885246 0.826 0
1778064885246 0.826 0
1778064885246 0.826 0
