1778064885246 0.9824 0
1778064885246 0.9824 0
1778064885246 0.9824 0
1778064885246 0.9824 0
1778064885246 0.9824 0
1778064885246 0.9824 0
1778064885246 0.9824 0
1778064885246 0.9824 0
1778064885246 0.9824 0
1778064885246 0.9824 0
1778064885246 0.9824 0
1778064885246 0.9824 0
1778064885246 0.9824 0
1778064885246 0.9824 0
1778064885246 0.9824 0
1778064885246 0.9824 0
1778064885246 0.9824 0
1778064885246 0.9824 0
1778064885246 0.9824 0
1778064885246 0.9824 0
1778064885246 0.9824 0
1778064885246 0.9824 0
1778064885246 0.9824 0
1778064885246 0.9824 0
1778064885246 0.9824 0
1778064885246 0.9824 0
1778064885246 0.9824 0
1778064885246 0.9824 0
1778064885246 0.9824 0
1778064885246 0.9824 0
1778064885246 0.9824 0
1778064885246 0.9824 0
