1778064885246 0.9117 0
1778064885246 0.9117 0
1778064885246 0.9117 0
1778064885246 0.9117 0
1778064885246 0.9117 0
1778064885246 0.9117 0
1778064885246 0.9117 0
1778064885246 0.9117 0
1778064885246 0.9117 0
1778064885246 0.9117 0
1778064885246 0.9117 0
1778064885246 0.9117 0
1778064885246 0.9117 0
1778064885246 0.9117 0
1778064885246 0.9117 0
1778064885246 0.9117 0
1778064885246 0.9117 0
1778064885246 0.9117 0
1778064885246 0.9117 0
1778064885246 0.9117 0
1778064885246 0.9117 0
1778064885246 0.9117 0
1778064885246 0.9117 0
1778064885246 0.9117 0
1778064885246 0.9117 0
1778064885246 0.9117 0
1778064885246 0.9117 0
1778064885246 0.9117 0
1778064885246 0.9117 0
1778064885246 0.9117 0
1778064885246 0.9117 0
1778064885246 0.9117 0
