1778064885246 0.9569 0
1778064885246 0.9569 0
1778064885246 0.9569 0
1778064885246 0.9569 0
1778064885246 0.9569 0
1778064885246 0.9569 0
1778064885246 0.9569 0
1778064885246 0.9569 0
1778064885246 0.9569 0
1778064885246 0.9569 0
1778064885246 0.9569 0
1778064885246 0.9569 0
1778064885246 0.9569 0
1778064885246 0.9569 0
1778064885246 0.9569 0
1778064885246 0.9569 0
1778064885246 0.9569 0
1778064885246 0.9569 0
1778064885246 0.9569 0
1778064885246 0.9569 0
1778064885246 0.9569 0
1778064885246 0.9569 0
1778064885246 0.9569 0
1778064885246 0.9569 0
1778064885246 0.9569 0
1778064885246 0.9569 0
1778064885246 0.9569 0
1778064885246 0.9569 0
1778064885246 0.9569 0
1778064885246 0.9569 0
1778064885246 0.9569 0
1778064885246 0.9569 0
