1778064885246 0.8799 0
1778064885246 0.8799 0
1778064885246 0.8799 0
1778064885246 0.8799 0
1778064885246 0.8799 0
1778064885246 0.8799 0
1778064885246 0.8799 0
1778064885246 0.8799 0
1778064885246 0.8799 0
1778064885246 0.8799 0
1778064885246 0.8799 0
1778064885246 0.8799 0
1778064885246 0.8799 0
1778064885246 0.8799 0
1778064885246 0.8799 0
1778064885246 0.8799 0
1778064885246 0.8799 0
1778064885246 0.8799 0
1778064885246 0.8799 0
1778064885246 0.8799 0
1778064885246 0.8799 0
1778064885246 0.8799 0
1778064885246 0.8799 0
1778064885246 0.8799 0
1778064885246 0.8799 0
1778064885246 0.8799 0
1778064885246 0.8799 0
1778064885246 0.8799 0
1778064885246 0.8799 0
1778064885246 0.8799 0
1778064885246 0.8799 0
1778064885246 0.8799 0
