1778064885246 0.9788 0
1778064885246 0.9788 0
1778064885246 0.9788 0
1778064885246 0.9788 0
1778064885246 0.9788 0
1778064885246 0.9788 0
1778064885246 0.9788 0
1778064885246 0.9788 0
1778064885246 0.9788 0
1778064885246 0.9788 0
1778064885246 0.9788 0
1778064885246 0.9788 0
1778064885246 0.9788 0
1778064885246 0.9788 0
1778064885246 0.9788 0
1778064885246 0.9788 0
1778064885246 0.9788 0
1778064885246 0.9788 0
1778064885246 0.9788 0
1778064885246 0.9788 0
1778064885246 0.9788 0
1778064885246 0.9788 0
1778064885246 0.9788 0
1778064885246 0.9788 0
1778064885246 0.9788 0
1778064885246 0.9788 0
1778064885246 0.9788 0
1778064885246 0.9788 0
1778064885246 0.9788 0
1778064885246 0.9788 0
1778064885246 0.9788 0
1778064885246 0.9788 0
