1778064885246 0.8212 0
1778064885246 0.8212 0
1778064885246 0.8212 0
1778064885246 0.8212 0
1778064885246 0.8212 0
1778064885246 0.8212 0
1778064885246 0.8212 0
1778064885246 0.8212 0
1778064885246 0.8212 0
1778064885246 0.8212 0
1778064885246 0.8212 0
1778064885246 0.8212 0
1778064885246 0.8212 0
1778064885246 0.8212 0
1778064885246 0.8212 0
1778064885246 0.8212 0
1778064885246 0.8212 0
1778064885246 0.8212 0
1778064885246 0.8212 0
1778064885246 0.8212 0
1778064885246 0.8212 0
1778064885246 0.8212 0
1778064885246 0.8212 0
1778064885246 0.8212 0
1778064885246 0.8212 0
1778064885246 0.8212 0
1778064885246 0.8212 0
1778064885246 0.8212 0
1778064885246 0.8212 0
1778064885246 0.8212 0
1778064885246 0.8212 0
1778064885246 0.8212 0
