1778078813529 0.8179 0
1778078813529 0.8179 0
1778078813529 0.8179 0
1778078813529 0.8179 0
1778078813529 0.8179 0
1778078813529 0.8179 0
1778078813529 0.8179 0
1778078813529 0.8179 0
1778078813529 0.8179 0
1778078813529 0.8179 0
1778078813529 0.8179 0
1778078813529 0.8179 0
1778078813529 0.8179 0
1778078813529 0.8179 0
1778078813529 0.8179 0
1778078813529 0.8179 0
1778078813529 0.8179 0
1778078813529 0.8179 0
1778078813529 0.8179 0
1778078813529 0.8179 0
1778078813529 0.8179 0
1778078813529 0.8179 0
1778078813529 0.8179 0
1778078813529 0.8179 0
1778078813529 0.8179 0
1778078813529 0.8179 0
1778078813529 0.8179 0
1778078813529 0.8179 0
1778078813529 0.8179 0
1778078813529 0.8179 0
1778078813529 0.8179 0
1778078813529 0.8179 0
