1778078813529 0.572 0
1778078813529 0.572 0
1778078813529 0.572 0
1778078813529 0.572 0
1778078813529 0.572 0
1778078813529 0.572 0
1778078813529 0.572 0
1778078813529 0.572 0
1778078813529 0.572 0
1778078813529 0.572 0
1778078813529 0.572 0
1778078813529 0.572 0
1778078813529 0.572 0
1778078813529 0.572 0
1778078813529 0.572 0
1778078813529 0.572 0
1778078813529 0.572 0
1778078813529 0.572 0
1778078813529 0.572 0
1778078813529 0.572 0
1778078813529 0.572 0
1778078813529 0.572 0
1778078813529 0.572 0
1778078813529 0.572 0
1778078813529 0.572 0
1778078813529 0.572 0
1778078813529 0.572 0
1778078813529 0.572 0
1778078813529 0.572 0
1778078813529 0.572 0
1778078813529 0.572 0
1778078813529 0.572 0
