1778078813529 0.8921 0
1778078813529 0.8921 0
1778078813529 0.8921 0
1778078813529 0.8921 0
1778078813529 0.8921 0
1778078813529 0.8921 0
1778078813529 0.8921 0
1778078813529 0.8921 0
1778078813529 0.8921 0
1778078813529 0.8921 0
1778078813529 0.8921 0
1778078813529 0.8921 0
1778078813529 0.8921 0
1778078813529 0.8921 0
1778078813529 0.8921 0
1778078813529 0.8921 0
1778078813529 0.8921 0
1778078813529 0.8921 0
1778078813529 0.8921 0
1778078813529 0.8921 0
1778078813529 0.8921 0
1778078813529 0.8921 0
1778078813529 0.8921 0
1778078813529 0.8921 0
1778078813529 0.8921 0
1778078813529 0.8921 0
1778078813529 0.8921 0
1778078813529 0.8921 0
1778078813529 0.8921 0
1778078813529 0.8921 0
1778078813529 0.8921 0
1778078813529 0.8921 0
