1778078813529 0.7919 0
1778078813529 0.7919 0
1778078813529 0.7919 0
1778078813529 0.7919 0
1778078813529 0.7919 0
1778078813529 0.7919 0
1778078813529 0.7919 0
1778078813529 0.7919 0
1778078813529 0.7919 0
1778078813529 0.7919 0
1778078813529 0.7919 0
1778078813529 0.7919 0
1778078813529 0.7919 0
1778078813529 0.7919 0
1778078813529 0.7919 0
1778078813529 0.7919 0
1778078813529 0.7919 0
1778078813529 0.7919 0
1778078813529 0.7919 0
1778078813529 0.7919 0
1778078813529 0.7919 0
1778078813529 0.7919 0
1778078813529 0.7919 0
1778078813529 0.7919 0
1778078813529 0.7919 0
1778078813529 0.7919 0
1778078813529 0.7919 0
1778078813529 0.7919 0
1778078813529 0.7919 0
1778078813529 0.7919 0
1778078813529 0.7919 0
1778078813529 0.7919 0
