1778078813529 0.8206 0
1778078813529 0.8206 0
1778078813529 0.8206 0
1778078813529 0.8206 0
1778078813529 0.8206 0
1778078813529 0.8206 0
1778078813529 0.8206 0
1778078813529 0.8206 0
1778078813529 0.8206 0
1778078813529 0.8206 0
1778078813529 0.8206 0
1778078813529 0.8206 0
1778078813529 0.8206 0
1778078813529 0.8206 0
1778078813529 0.8206 0
1778078813529 0.8206 0
1778078813529 0.8206 0
1778078813529 0.8206 0
1778078813529 0.8206 0
1778078813529 0.8206 0
1778078813529 0.8206 0
1778078813529 0.8206 0
1778078813529 0.8206 0
1778078813529 0.8206 0
1778078813529 0.8206 0
1778078813529 0.8206 0
1778078813529 0.8206 0
1778078813529 0.8206 0
1778078813529 0.8206 0
1778078813529 0.8206 0
1778078813529 0.8206 0
1778078813529 0.8206 0
