1778078813529 1137394.18 0
1778078813529 1137394.18 0
1778078813529 1137394.18 0
1778078813529 1137394.18 0
1778078813529 1137394.18 0
1778078813529 1137394.18 0
1778078813529 1137394.18 0
1778078813529 1137394.18 0
1778078813529 1137394.18 0
1778078813529 1137394.18 0
1778078813529 1137394.18 0
1778078813529 1137394.18 0
1778078813529 1137394.18 0
1778078813529 1137394.18 0
1778078813529 1137394.18 0
1778078813529 1137394.18 0
1778078813529 1137394.18 0
1778078813529 1137394.18 0
1778078813529 1137394.18 0
1778078813529 1137394.18 0
1778078813529 1137394.18 0
1778078813529 1137394.18 0
1778078813529 1137394.18 0
1778078813529 1137394.18 0
1778078813529 1137394.18 0
1778078813529 1137394.18 0
1778078813529 1137394.18 0
1778078813529 1137394.18 0
1778078813529 1137394.18 0
1778078813529 1137394.18 0
1778078813529 1137394.18 0
1778078813529 1137394.18 0
