1778078813529 4.0 0
1778078813529 4.0 0
1778078813529 4.0 0
1778078813529 4.0 0
1778078813529 4.0 0
1778078813529 4.0 0
1778078813529 4.0 0
1778078813529 4.0 0
1778078813529 4.0 0
1778078813529 4.0 0
1778078813529 4.0 0
1778078813529 4.0 0
1778078813529 4.0 0
1778078813529 4.0 0
1778078813529 4.0 0
1778078813529 4.0 0
1778078813529 4.0 0
1778078813529 4.0 0
1778078813529 4.0 0
1778078813529 4.0 0
1778078813529 4.0 0
1778078813529 4.0 0
1778078813529 4.0 0
1778078813529 4.0 0
1778078813529 4.0 0
1778078813529 4.0 0
1778078813529 4.0 0
1778078813529 4.0 0
1778078813529 4.0 0
1778078813529 4.0 0
1778078813529 4.0 0
1778078813529 4.0 0
