1778078813529 0.8799 0
1778078813529 0.8799 0
1778078813529 0.8799 0
1778078813529 0.8799 0
1778078813529 0.8799 0
1778078813529 0.8799 0
1778078813529 0.8799 0
1778078813529 0.8799 0
1778078813529 0.8799 0
1778078813529 0.8799 0
1778078813529 0.8799 0
1778078813529 0.8799 0
1778078813529 0.8799 0
1778078813529 0.8799 0
1778078813529 0.8799 0
1778078813529 0.8799 0
1778078813529 0.8799 0
1778078813529 0.8799 0
1778078813529 0.8799 0
1778078813529 0.8799 0
1778078813529 0.8799 0
1778078813529 0.8799 0
1778078813529 0.8799 0
1778078813529 0.8799 0
1778078813529 0.8799 0
1778078813529 0.8799 0
1778078813529 0.8799 0
1778078813529 0.8799 0
1778078813529 0.8799 0
1778078813529 0.8799 0
1778078813529 0.8799 0
1778078813529 0.8799 0
