1778078813529 0.8212 0
1778078813529 0.8212 0
1778078813529 0.8212 0
1778078813529 0.8212 0
1778078813529 0.8212 0
1778078813529 0.8212 0
1778078813529 0.8212 0
1778078813529 0.8212 0
1778078813529 0.8212 0
1778078813529 0.8212 0
1778078813529 0.8212 0
1778078813529 0.8212 0
1778078813529 0.8212 0
1778078813529 0.8212 0
1778078813529 0.8212 0
1778078813529 0.8212 0
1778078813529 0.8212 0
1778078813529 0.8212 0
1778078813529 0.8212 0
1778078813529 0.8212 0
1778078813529 0.8212 0
1778078813529 0.8212 0
1778078813529 0.8212 0
1778078813529 0.8212 0
1778078813529 0.8212 0
1778078813529 0.8212 0
1778078813529 0.8212 0
1778078813529 0.8212 0
1778078813529 0.8212 0
1778078813529 0.8212 0
1778078813529 0.8212 0
1778078813529 0.8212 0
