1778078813529 0.82 0
1778078813529 0.82 0
1778078813529 0.82 0
1778078813529 0.82 0
1778078813529 0.82 0
1778078813529 0.82 0
1778078813529 0.82 0
1778078813529 0.82 0
1778078813529 0.82 0
1778078813529 0.82 0
1778078813529 0.82 0
1778078813529 0.82 0
1778078813529 0.82 0
1778078813529 0.82 0
1778078813529 0.82 0
1778078813529 0.82 0
1778078813529 0.82 0
1778078813529 0.82 0
1778078813529 0.82 0
1778078813529 0.82 0
1778078813529 0.82 0
1778078813529 0.82 0
1778078813529 0.82 0
1778078813529 0.82 0
1778078813529 0.82 0
1778078813529 0.82 0
1778078813529 0.82 0
1778078813529 0.82 0
1778078813529 0.82 0
1778078813529 0.82 0
1778078813529 0.82 0
1778078813529 0.82 0
