1778078813529 0.9117 0
1778078813529 0.9117 0
1778078813529 0.9117 0
1778078813529 0.9117 0
1778078813529 0.9117 0
1778078813529 0.9117 0
1778078813529 0.9117 0
1778078813529 0.9117 0
1778078813529 0.9117 0
1778078813529 0.9117 0
1778078813529 0.9117 0
1778078813529 0.9117 0
1778078813529 0.9117 0
1778078813529 0.9117 0
1778078813529 0.9117 0
1778078813529 0.9117 0
1778078813529 0.9117 0
1778078813529 0.9117 0
1778078813529 0.9117 0
1778078813529 0.9117 0
1778078813529 0.9117 0
1778078813529 0.9117 0
1778078813529 0.9117 0
1778078813529 0.9117 0
1778078813529 0.9117 0
1778078813529 0.9117 0
1778078813529 0.9117 0
1778078813529 0.9117 0
1778078813529 0.9117 0
1778078813529 0.9117 0
1778078813529 0.9117 0
1778078813529 0.9117 0
