1778078813529 0.9788 0
1778078813529 0.9788 0
1778078813529 0.9788 0
1778078813529 0.9788 0
1778078813529 0.9788 0
1778078813529 0.9788 0
1778078813529 0.9788 0
1778078813529 0.9788 0
1778078813529 0.9788 0
1778078813529 0.9788 0
1778078813529 0.9788 0
1778078813529 0.9788 0
1778078813529 0.9788 0
1778078813529 0.9788 0
1778078813529 0.9788 0
1778078813529 0.9788 0
1778078813529 0.9788 0
1778078813529 0.9788 0
1778078813529 0.9788 0
1778078813529 0.9788 0
1778078813529 0.9788 0
1778078813529 0.9788 0
1778078813529 0.9788 0
1778078813529 0.9788 0
1778078813529 0.9788 0
1778078813529 0.9788 0
1778078813529 0.9788 0
1778078813529 0.9788 0
1778078813529 0.9788 0
1778078813529 0.9788 0
1778078813529 0.9788 0
1778078813529 0.9788 0
