1778078813529 0.826 0
1778078813529 0.826 0
1778078813529 0.826 0
1778078813529 0.826 0
1778078813529 0.826 0
1778078813529 0.826 0
1778078813529 0.826 0
1778078813529 0.826 0
1778078813529 0.826 0
1778078813529 0.826 0
1778078813529 0.826 0
1778078813529 0.826 0
1778078813529 0.826 0
1778078813529 0.826 0
1778078813529 0.826 0
1778078813529 0.826 0
1778078813529 0.826 0
1778078813529 0.826 0
1778078813529 0.826 0
1778078813529 0.826 0
1778078813529 0.826 0
1778078813529 0.826 0
1778078813529 0.826 0
1778078813529 0.826 0
1778078813529 0.826 0
1778078813529 0.826 0
1778078813529 0.826 0
1778078813529 0.826 0
1778078813529 0.826 0
1778078813529 0.826 0
1778078813529 0.826 0
1778078813529 0.826 0
