1778078813529 0.9569 0
1778078813529 0.9569 0
1778078813529 0.9569 0
1778078813529 0.9569 0
1778078813529 0.9569 0
1778078813529 0.9569 0
1778078813529 0.9569 0
1778078813529 0.9569 0
1778078813529 0.9569 0
1778078813529 0.9569 0
1778078813529 0.9569 0
1778078813529 0.9569 0
1778078813529 0.9569 0
1778078813529 0.9569 0
1778078813529 0.9569 0
1778078813529 0.9569 0
1778078813529 0.9569 0
1778078813529 0.9569 0
1778078813529 0.9569 0
1778078813529 0.9569 0
1778078813529 0.9569 0
1778078813529 0.9569 0
1778078813529 0.9569 0
1778078813529 0.9569 0
1778078813529 0.9569 0
1778078813529 0.9569 0
1778078813529 0.9569 0
1778078813529 0.9569 0
1778078813529 0.9569 0
1778078813529 0.9569 0
1778078813529 0.9569 0
1778078813529 0.9569 0
