1778078813529 0.9824 0
1778078813529 0.9824 0
1778078813529 0.9824 0
1778078813529 0.9824 0
1778078813529 0.9824 0
1778078813529 0.9824 0
1778078813529 0.9824 0
1778078813529 0.9824 0
1778078813529 0.9824 0
1778078813529 0.9824 0
1778078813529 0.9824 0
1778078813529 0.9824 0
1778078813529 0.9824 0
1778078813529 0.9824 0
1778078813529 0.9824 0
1778078813529 0.9824 0
1778078813529 0.9824 0
1778078813529 0.9824 0
1778078813529 0.9824 0
1778078813529 0.9824 0
1778078813529 0.9824 0
1778078813529 0.9824 0
1778078813529 0.9824 0
1778078813529 0.9824 0
1778078813529 0.9824 0
1778078813529 0.9824 0
1778078813529 0.9824 0
1778078813529 0.9824 0
1778078813529 0.9824 0
1778078813529 0.9824 0
1778078813529 0.9824 0
1778078813529 0.9824 0
