1778078680707 0.8921 0
1778078680707 0.8921 0
1778078680707 0.8921 0
1778078680707 0.8921 0
1778078680707 0.8921 0
1778078680707 0.8921 0
1778078680707 0.8921 0
1778078680707 0.8921 0
1778078680707 0.8921 0
1778078680707 0.8921 0
1778078680707 0.8921 0
1778078680707 0.8921 0
1778078680707 0.8921 0
1778078680707 0.8921 0
1778078680707 0.8921 0
1778078680707 0.8921 0
1778078680707 0.8921 0
1778078680707 0.8921 0
1778078680707 0.8921 0
1778078680707 0.8921 0
1778078680707 0.8921 0
1778078680707 0.8921 0
1778078680707 0.8921 0
1778078680707 0.8921 0
1778078680707 0.8921 0
1778078680707 0.8921 0
1778078680707 0.8921 0
1778078680707 0.8921 0
1778078680707 0.8921 0
1778078680707 0.8921 0
1778078680707 0.8921 0
1778078680707 0.8921 0
