1778078680707 0.8179 0
1778078680707 0.8179 0
1778078680707 0.8179 0
1778078680707 0.8179 0
1778078680707 0.8179 0
1778078680707 0.8179 0
1778078680707 0.8179 0
1778078680707 0.8179 0
1778078680707 0.8179 0
1778078680707 0.8179 0
1778078680707 0.8179 0
1778078680707 0.8179 0
1778078680707 0.8179 0
1778078680707 0.8179 0
1778078680707 0.8179 0
1778078680707 0.8179 0
1778078680707 0.8179 0
1778078680707 0.8179 0
1778078680707 0.8179 0
1778078680707 0.8179 0
1778078680707 0.8179 0
1778078680707 0.8179 0
1778078680707 0.8179 0
1778078680707 0.8179 0
1778078680707 0.8179 0
1778078680707 0.8179 0
1778078680707 0.8179 0
1778078680707 0.8179 0
1778078680707 0.8179 0
1778078680707 0.8179 0
1778078680707 0.8179 0
1778078680707 0.8179 0
