1778078680707 0.572 0
1778078680707 0.572 0
1778078680707 0.572 0
1778078680707 0.572 0
1778078680707 0.572 0
1778078680707 0.572 0
1778078680707 0.572 0
1778078680707 0.572 0
1778078680707 0.572 0
1778078680707 0.572 0
1778078680707 0.572 0
1778078680707 0.572 0
1778078680707 0.572 0
1778078680707 0.572 0
1778078680707 0.572 0
1778078680707 0.572 0
1778078680707 0.572 0
1778078680707 0.572 0
1778078680707 0.572 0
1778078680707 0.572 0
1778078680707 0.572 0
1778078680707 0.572 0
1778078680707 0.572 0
1778078680707 0.572 0
1778078680707 0.572 0
1778078680707 0.572 0
1778078680707 0.572 0
1778078680707 0.572 0
1778078680707 0.572 0
1778078680707 0.572 0
1778078680707 0.572 0
1778078680707 0.572 0
