1778078680707 0.7919 0
1778078680707 0.7919 0
1778078680707 0.7919 0
1778078680707 0.7919 0
1778078680707 0.7919 0
1778078680707 0.7919 0
1778078680707 0.7919 0
1778078680707 0.7919 0
1778078680707 0.7919 0
1778078680707 0.7919 0
1778078680707 0.7919 0
1778078680707 0.7919 0
1778078680707 0.7919 0
1778078680707 0.7919 0
1778078680707 0.7919 0
1778078680707 0.7919 0
1778078680707 0.7919 0
1778078680707 0.7919 0
1778078680707 0.7919 0
1778078680707 0.7919 0
1778078680707 0.7919 0
1778078680707 0.7919 0
1778078680707 0.7919 0
1778078680707 0.7919 0
1778078680707 0.7919 0
1778078680707 0.7919 0
1778078680707 0.7919 0
1778078680707 0.7919 0
1778078680707 0.7919 0
1778078680707 0.7919 0
1778078680707 0.7919 0
1778078680707 0.7919 0
