1778078680707 0.8206 0
1778078680707 0.8206 0
1778078680707 0.8206 0
1778078680707 0.8206 0
1778078680707 0.8206 0
1778078680707 0.8206 0
1778078680707 0.8206 0
1778078680707 0.8206 0
1778078680707 0.8206 0
1778078680707 0.8206 0
1778078680707 0.8206 0
1778078680707 0.8206 0
1778078680707 0.8206 0
1778078680707 0.8206 0
1778078680707 0.8206 0
1778078680707 0.8206 0
1778078680707 0.8206 0
1778078680707 0.8206 0
1778078680707 0.8206 0
1778078680707 0.8206 0
1778078680707 0.8206 0
1778078680707 0.8206 0
1778078680707 0.8206 0
1778078680707 0.8206 0
1778078680707 0.8206 0
1778078680707 0.8206 0
1778078680707 0.8206 0
1778078680707 0.8206 0
1778078680707 0.8206 0
1778078680707 0.8206 0
1778078680707 0.8206 0
1778078680707 0.8206 0
