1778078680707 4.0 0
1778078680707 4.0 0
1778078680707 4.0 0
1778078680707 4.0 0
1778078680707 4.0 0
1778078680707 4.0 0
1778078680707 4.0 0
1778078680707 4.0 0
1778078680707 4.0 0
1778078680707 4.0 0
1778078680707 4.0 0
1778078680707 4.0 0
1778078680707 4.0 0
1778078680707 4.0 0
1778078680707 4.0 0
1778078680707 4.0 0
1778078680707 4.0 0
1778078680707 4.0 0
1778078680707 4.0 0
1778078680707 4.0 0
1778078680707 4.0 0
1778078680707 4.0 0
1778078680707 4.0 0
1778078680707 4.0 0
1778078680707 4.0 0
1778078680707 4.0 0
1778078680707 4.0 0
1778078680707 4.0 0
1778078680707 4.0 0
1778078680707 4.0 0
1778078680707 4.0 0
1778078680707 4.0 0
