1778078680707 1137394.18 0
1778078680707 1137394.18 0
1778078680707 1137394.18 0
1778078680707 1137394.18 0
1778078680707 1137394.18 0
1778078680707 1137394.18 0
1778078680707 1137394.18 0
1778078680707 1137394.18 0
1778078680707 1137394.18 0
1778078680707 1137394.18 0
1778078680707 1137394.18 0
1778078680707 1137394.18 0
1778078680707 1137394.18 0
1778078680707 1137394.18 0
1778078680707 1137394.18 0
1778078680707 1137394.18 0
1778078680707 1137394.18 0
1778078680707 1137394.18 0
1778078680707 1137394.18 0
1778078680707 1137394.18 0
1778078680707 1137394.18 0
1778078680707 1137394.18 0
1778078680707 1137394.18 0
1778078680707 1137394.18 0
1778078680707 1137394.18 0
1778078680707 1137394.18 0
1778078680707 1137394.18 0
1778078680707 1137394.18 0
1778078680707 1137394.18 0
1778078680707 1137394.18 0
1778078680707 1137394.18 0
1778078680707 1137394.18 0
