1778078680707 0.8799 0
1778078680707 0.8799 0
1778078680707 0.8799 0
1778078680707 0.8799 0
1778078680707 0.8799 0
1778078680707 0.8799 0
1778078680707 0.8799 0
1778078680707 0.8799 0
1778078680707 0.8799 0
1778078680707 0.8799 0
1778078680707 0.8799 0
1778078680707 0.8799 0
1778078680707 0.8799 0
1778078680707 0.8799 0
1778078680707 0.8799 0
1778078680707 0.8799 0
1778078680707 0.8799 0
1778078680707 0.8799 0
1778078680707 0.8799 0
1778078680707 0.8799 0
1778078680707 0.8799 0
1778078680707 0.8799 0
1778078680707 0.8799 0
1778078680707 0.8799 0
1778078680707 0.8799 0
1778078680707 0.8799 0
1778078680707 0.8799 0
1778078680707 0.8799 0
1778078680707 0.8799 0
1778078680707 0.8799 0
1778078680707 0.8799 0
1778078680707 0.8799 0
