1778078680707 0.826 0
1778078680707 0.826 0
1778078680707 0.826 0
1778078680707 0.826 0
1778078680707 0.826 0
1778078680707 0.826 0
1778078680707 0.826 0
1778078680707 0.826 0
1778078680707 0.826 0
1778078680707 0.826 0
1778078680707 0.826 0
1778078680707 0.826 0
1778078680707 0.826 0
1778078680707 0.826 0
1778078680707 0.826 0
1778078680707 0.826 0
1778078680707 0.826 0
1778078680707 0.826 0
1778078680707 0.826 0
1778078680707 0.826 0
1778078680707 0.826 0
1778078680707 0.826 0
1778078680707 0.826 0
1778078680707 0.826 0
1778078680707 0.826 0
1778078680707 0.826 0
1778078680707 0.826 0
1778078680707 0.826 0
1778078680707 0.826 0
1778078680707 0.826 0
1778078680707 0.826 0
1778078680707 0.826 0
