1778078680707 0.9788 0
1778078680707 0.9788 0
1778078680707 0.9788 0
1778078680707 0.9788 0
1778078680707 0.9788 0
1778078680707 0.9788 0
1778078680707 0.9788 0
1778078680707 0.9788 0
1778078680707 0.9788 0
1778078680707 0.9788 0
1778078680707 0.9788 0
1778078680707 0.9788 0
1778078680707 0.9788 0
1778078680707 0.9788 0
1778078680707 0.9788 0
1778078680707 0.9788 0
1778078680707 0.9788 0
1778078680707 0.9788 0
1778078680707 0.9788 0
1778078680707 0.9788 0
1778078680707 0.9788 0
1778078680707 0.9788 0
1778078680707 0.9788 0
1778078680707 0.9788 0
1778078680707 0.9788 0
1778078680707 0.9788 0
1778078680707 0.9788 0
1778078680707 0.9788 0
1778078680707 0.9788 0
1778078680707 0.9788 0
1778078680707 0.9788 0
1778078680707 0.9788 0
