1778078680707 0.82 0
1778078680707 0.82 0
1778078680707 0.82 0
1778078680707 0.82 0
1778078680707 0.82 0
1778078680707 0.82 0
1778078680707 0.82 0
1778078680707 0.82 0
1778078680707 0.82 0
1778078680707 0.82 0
1778078680707 0.82 0
1778078680707 0.82 0
1778078680707 0.82 0
1778078680707 0.82 0
1778078680707 0.82 0
1778078680707 0.82 0
1778078680707 0.82 0
1778078680707 0.82 0
1778078680707 0.82 0
1778078680707 0.82 0
1778078680707 0.82 0
1778078680707 0.82 0
1778078680707 0.82 0
1778078680707 0.82 0
1778078680707 0.82 0
1778078680707 0.82 0
1778078680707 0.82 0
1778078680707 0.82 0
1778078680707 0.82 0
1778078680707 0.82 0
1778078680707 0.82 0
1778078680707 0.82 0
