1778078680707 0.9117 0
1778078680707 0.9117 0
1778078680707 0.9117 0
1778078680707 0.9117 0
1778078680707 0.9117 0
1778078680707 0.9117 0
1778078680707 0.9117 0
1778078680707 0.9117 0
1778078680707 0.9117 0
1778078680707 0.9117 0
1778078680707 0.9117 0
1778078680707 0.9117 0
1778078680707 0.9117 0
1778078680707 0.9117 0
1778078680707 0.9117 0
1778078680707 0.9117 0
1778078680707 0.9117 0
1778078680707 0.9117 0
1778078680707 0.9117 0
1778078680707 0.9117 0
1778078680707 0.9117 0
1778078680707 0.9117 0
1778078680707 0.9117 0
1778078680707 0.9117 0
1778078680707 0.9117 0
1778078680707 0.9117 0
1778078680707 0.9117 0
1778078680707 0.9117 0
1778078680707 0.9117 0
1778078680707 0.9117 0
1778078680707 0.9117 0
1778078680707 0.9117 0
