1778078680707 0.9569 0
1778078680707 0.9569 0
1778078680707 0.9569 0
1778078680707 0.9569 0
1778078680707 0.9569 0
1778078680707 0.9569 0
1778078680707 0.9569 0
1778078680707 0.9569 0
1778078680707 0.9569 0
1778078680707 0.9569 0
1778078680707 0.9569 0
1778078680707 0.9569 0
1778078680707 0.9569 0
1778078680707 0.9569 0
1778078680707 0.9569 0
1778078680707 0.9569 0
1778078680707 0.9569 0
1778078680707 0.9569 0
1778078680707 0.9569 0
1778078680707 0.9569 0
1778078680707 0.9569 0
1778078680707 0.9569 0
1778078680707 0.9569 0
1778078680707 0.9569 0
1778078680707 0.9569 0
1778078680707 0.9569 0
1778078680707 0.9569 0
1778078680707 0.9569 0
1778078680707 0.9569 0
1778078680707 0.9569 0
1778078680707 0.9569 0
1778078680707 0.9569 0
