1778078680707 0.8212 0
1778078680707 0.8212 0
1778078680707 0.8212 0
1778078680707 0.8212 0
1778078680707 0.8212 0
1778078680707 0.8212 0
1778078680707 0.8212 0
1778078680707 0.8212 0
1778078680707 0.8212 0
1778078680707 0.8212 0
1778078680707 0.8212 0
1778078680707 0.8212 0
1778078680707 0.8212 0
1778078680707 0.8212 0
1778078680707 0.8212 0
1778078680707 0.8212 0
1778078680707 0.8212 0
1778078680707 0.8212 0
1778078680707 0.8212 0
1778078680707 0.8212 0
1778078680707 0.8212 0
1778078680707 0.8212 0
1778078680707 0.8212 0
1778078680707 0.8212 0
1778078680707 0.8212 0
1778078680707 0.8212 0
1778078680707 0.8212 0
1778078680707 0.8212 0
1778078680707 0.8212 0
1778078680707 0.8212 0
1778078680707 0.8212 0
1778078680707 0.8212 0
