1778078680707 0.9824 0
1778078680707 0.9824 0
1778078680707 0.9824 0
1778078680707 0.9824 0
1778078680707 0.9824 0
1778078680707 0.9824 0
1778078680707 0.9824 0
1778078680707 0.9824 0
1778078680707 0.9824 0
1778078680707 0.9824 0
1778078680707 0.9824 0
1778078680707 0.9824 0
1778078680707 0.9824 0
1778078680707 0.9824 0
1778078680707 0.9824 0
1778078680707 0.9824 0
1778078680707 0.9824 0
1778078680707 0.9824 0
1778078680707 0.9824 0
1778078680707 0.9824 0
1778078680707 0.9824 0
1778078680707 0.9824 0
1778078680707 0.9824 0
1778078680707 0.9824 0
1778078680707 0.9824 0
1778078680707 0.9824 0
1778078680707 0.9824 0
1778078680707 0.9824 0
1778078680707 0.9824 0
1778078680707 0.9824 0
1778078680707 0.9824 0
1778078680707 0.9824 0
