1778073706239 0.8179 0
1778073706239 0.8179 0
1778073706239 0.8179 0
1778073706239 0.8179 0
1778073706239 0.8179 0
1778073706239 0.8179 0
1778073706239 0.8179 0
1778073706239 0.8179 0
1778073706239 0.8179 0
1778073706239 0.8179 0
1778073706239 0.8179 0
1778073706239 0.8179 0
1778073706239 0.8179 0
1778073706239 0.8179 0
1778073706239 0.8179 0
1778073706239 0.8179 0
1778073706239 0.8179 0
1778073706239 0.8179 0
1778073706239 0.8179 0
1778073706239 0.8179 0
1778073706239 0.8179 0
1778073706239 0.8179 0
1778073706239 0.8179 0
1778073706239 0.8179 0
1778073706239 0.8179 0
1778073706239 0.8179 0
1778073706239 0.8179 0
1778073706239 0.8179 0
1778073706239 0.8179 0
1778073706239 0.8179 0
1778073706239 0.8179 0
1778073706239 0.8179 0
