1778073706239 0.8921 0
1778073706239 0.8921 0
1778073706239 0.8921 0
1778073706239 0.8921 0
1778073706239 0.8921 0
1778073706239 0.8921 0
1778073706239 0.8921 0
1778073706239 0.8921 0
1778073706239 0.8921 0
1778073706239 0.8921 0
1778073706239 0.8921 0
1778073706239 0.8921 0
1778073706239 0.8921 0
1778073706239 0.8921 0
1778073706239 0.8921 0
1778073706239 0.8921 0
1778073706239 0.8921 0
1778073706239 0.8921 0
1778073706239 0.8921 0
1778073706239 0.8921 0
1778073706239 0.8921 0
1778073706239 0.8921 0
1778073706239 0.8921 0
1778073706239 0.8921 0
1778073706239 0.8921 0
1778073706239 0.8921 0
1778073706239 0.8921 0
1778073706239 0.8921 0
1778073706239 0.8921 0
1778073706239 0.8921 0
1778073706239 0.8921 0
1778073706239 0.8921 0
