1778073706239 0.8206 0
1778073706239 0.8206 0
1778073706239 0.8206 0
1778073706239 0.8206 0
1778073706239 0.8206 0
1778073706239 0.8206 0
1778073706239 0.8206 0
1778073706239 0.8206 0
1778073706239 0.8206 0
1778073706239 0.8206 0
1778073706239 0.8206 0
1778073706239 0.8206 0
1778073706239 0.8206 0
1778073706239 0.8206 0
1778073706239 0.8206 0
1778073706239 0.8206 0
1778073706239 0.8206 0
1778073706239 0.8206 0
1778073706239 0.8206 0
1778073706239 0.8206 0
1778073706239 0.8206 0
1778073706239 0.8206 0
1778073706239 0.8206 0
1778073706239 0.8206 0
1778073706239 0.8206 0
1778073706239 0.8206 0
1778073706239 0.8206 0
1778073706239 0.8206 0
1778073706239 0.8206 0
1778073706239 0.8206 0
1778073706239 0.8206 0
1778073706239 0.8206 0
