1778073706239 0.7919 0
1778073706239 0.7919 0
1778073706239 0.7919 0
1778073706239 0.7919 0
1778073706239 0.7919 0
1778073706239 0.7919 0
1778073706239 0.7919 0
1778073706239 0.7919 0
1778073706239 0.7919 0
1778073706239 0.7919 0
1778073706239 0.7919 0
1778073706239 0.7919 0
1778073706239 0.7919 0
1778073706239 0.7919 0
1778073706239 0.7919 0
1778073706239 0.7919 0
1778073706239 0.7919 0
1778073706239 0.7919 0
1778073706239 0.7919 0
1778073706239 0.7919 0
1778073706239 0.7919 0
1778073706239 0.7919 0
1778073706239 0.7919 0
1778073706239 0.7919 0
1778073706239 0.7919 0
1778073706239 0.7919 0
1778073706239 0.7919 0
1778073706239 0.7919 0
1778073706239 0.7919 0
1778073706239 0.7919 0
1778073706239 0.7919 0
1778073706239 0.7919 0
