1778073706239 0.572 0
1778073706239 0.572 0
1778073706239 0.572 0
1778073706239 0.572 0
1778073706239 0.572 0
1778073706239 0.572 0
1778073706239 0.572 0
1778073706239 0.572 0
1778073706239 0.572 0
1778073706239 0.572 0
1778073706239 0.572 0
1778073706239 0.572 0
1778073706239 0.572 0
1778073706239 0.572 0
1778073706239 0.572 0
1778073706239 0.572 0
1778073706239 0.572 0
1778073706239 0.572 0
1778073706239 0.572 0
1778073706239 0.572 0
1778073706239 0.572 0
1778073706239 0.572 0
1778073706239 0.572 0
1778073706239 0.572 0
1778073706239 0.572 0
1778073706239 0.572 0
1778073706239 0.572 0
1778073706239 0.572 0
1778073706239 0.572 0
1778073706239 0.572 0
1778073706239 0.572 0
1778073706239 0.572 0
