1778073706239 4.0 0
1778073706239 4.0 0
1778073706239 4.0 0
1778073706239 4.0 0
1778073706239 4.0 0
1778073706239 4.0 0
1778073706239 4.0 0
1778073706239 4.0 0
1778073706239 4.0 0
1778073706239 4.0 0
1778073706239 4.0 0
1778073706239 4.0 0
1778073706239 4.0 0
1778073706239 4.0 0
1778073706239 4.0 0
1778073706239 4.0 0
1778073706239 4.0 0
1778073706239 4.0 0
1778073706239 4.0 0
1778073706239 4.0 0
1778073706239 4.0 0
1778073706239 4.0 0
1778073706239 4.0 0
1778073706239 4.0 0
1778073706239 4.0 0
1778073706239 4.0 0
1778073706239 4.0 0
1778073706239 4.0 0
1778073706239 4.0 0
1778073706239 4.0 0
1778073706239 4.0 0
1778073706239 4.0 0
