1778073706239 1137394.18 0
1778073706239 1137394.18 0
1778073706239 1137394.18 0
1778073706239 1137394.18 0
1778073706239 1137394.18 0
1778073706239 1137394.18 0
1778073706239 1137394.18 0
1778073706239 1137394.18 0
1778073706239 1137394.18 0
1778073706239 1137394.18 0
1778073706239 1137394.18 0
1778073706239 1137394.18 0
1778073706239 1137394.18 0
1778073706239 1137394.18 0
1778073706239 1137394.18 0
1778073706239 1137394.18 0
1778073706239 1137394.18 0
1778073706239 1137394.18 0
1778073706239 1137394.18 0
1778073706239 1137394.18 0
1778073706239 1137394.18 0
1778073706239 1137394.18 0
1778073706239 1137394.18 0
1778073706239 1137394.18 0
1778073706239 1137394.18 0
1778073706239 1137394.18 0
1778073706239 1137394.18 0
1778073706239 1137394.18 0
1778073706239 1137394.18 0
1778073706239 1137394.18 0
1778073706239 1137394.18 0
1778073706239 1137394.18 0
