1778073706239 0.9569 0
1778073706239 0.9569 0
1778073706239 0.9569 0
1778073706239 0.9569 0
1778073706239 0.9569 0
1778073706239 0.9569 0
1778073706239 0.9569 0
1778073706239 0.9569 0
1778073706239 0.9569 0
1778073706239 0.9569 0
1778073706239 0.9569 0
1778073706239 0.9569 0
1778073706239 0.9569 0
1778073706239 0.9569 0
1778073706239 0.9569 0
1778073706239 0.9569 0
1778073706239 0.9569 0
1778073706239 0.9569 0
1778073706239 0.9569 0
1778073706239 0.9569 0
1778073706239 0.9569 0
1778073706239 0.9569 0
1778073706239 0.9569 0
1778073706239 0.9569 0
1778073706239 0.9569 0
1778073706239 0.9569 0
1778073706239 0.9569 0
1778073706239 0.9569 0
1778073706239 0.9569 0
1778073706239 0.9569 0
1778073706239 0.9569 0
1778073706239 0.9569 0
