1778073706239 0.8212 0
1778073706239 0.8212 0
1778073706239 0.8212 0
1778073706239 0.8212 0
1778073706239 0.8212 0
1778073706239 0.8212 0
1778073706239 0.8212 0
1778073706239 0.8212 0
1778073706239 0.8212 0
1778073706239 0.8212 0
1778073706239 0.8212 0
1778073706239 0.8212 0
1778073706239 0.8212 0
1778073706239 0.8212 0
1778073706239 0.8212 0
1778073706239 0.8212 0
1778073706239 0.8212 0
1778073706239 0.8212 0
1778073706239 0.8212 0
1778073706239 0.8212 0
1778073706239 0.8212 0
1778073706239 0.8212 0
1778073706239 0.8212 0
1778073706239 0.8212 0
1778073706239 0.8212 0
1778073706239 0.8212 0
1778073706239 0.8212 0
1778073706239 0.8212 0
1778073706239 0.8212 0
1778073706239 0.8212 0
1778073706239 0.8212 0
1778073706239 0.8212 0
