1778073706239 0.8799 0
1778073706239 0.8799 0
1778073706239 0.8799 0
1778073706239 0.8799 0
1778073706239 0.8799 0
1778073706239 0.8799 0
1778073706239 0.8799 0
1778073706239 0.8799 0
1778073706239 0.8799 0
1778073706239 0.8799 0
1778073706239 0.8799 0
1778073706239 0.8799 0
1778073706239 0.8799 0
1778073706239 0.8799 0
1778073706239 0.8799 0
1778073706239 0.8799 0
1778073706239 0.8799 0
1778073706239 0.8799 0
1778073706239 0.8799 0
1778073706239 0.8799 0
1778073706239 0.8799 0
1778073706239 0.8799 0
1778073706239 0.8799 0
1778073706239 0.8799 0
1778073706239 0.8799 0
1778073706239 0.8799 0
1778073706239 0.8799 0
1778073706239 0.8799 0
1778073706239 0.8799 0
1778073706239 0.8799 0
1778073706239 0.8799 0
1778073706239 0.8799 0
