1778073706239 0.826 0
1778073706239 0.826 0
1778073706239 0.826 0
1778073706239 0.826 0
1778073706239 0.826 0
1778073706239 0.826 0
1778073706239 0.826 0
1778073706239 0.826 0
1778073706239 0.826 0
1778073706239 0.826 0
1778073706239 0.826 0
1778073706239 0.826 0
1778073706239 0.826 0
1778073706239 0.826 0
1778073706239 0.826 0
1778073706239 0.826 0
1778073706239 0.826 0
1778073706239 0.826 0
1778073706239 0.826 0
1778073706239 0.826 0
1778073706239 0.826 0
1778073706239 0.826 0
1778073706239 0.826 0
1778073706239 0.826 0
1778073706239 0.826 0
1778073706239 0.826 0
1778073706239 0.826 0
1778073706239 0.826 0
1778073706239 0.826 0
1778073706239 0.826 0
1778073706239 0.826 0
1778073706239 0.826 0
