1778073706239 0.82 0
1778073706239 0.82 0
1778073706239 0.82 0
1778073706239 0.82 0
1778073706239 0.82 0
1778073706239 0.82 0
1778073706239 0.82 0
1778073706239 0.82 0
1778073706239 0.82 0
1778073706239 0.82 0
1778073706239 0.82 0
1778073706239 0.82 0
1778073706239 0.82 0
1778073706239 0.82 0
1778073706239 0.82 0
1778073706239 0.82 0
1778073706239 0.82 0
1778073706239 0.82 0
1778073706239 0.82 0
1778073706239 0.82 0
1778073706239 0.82 0
1778073706239 0.82 0
1778073706239 0.82 0
1778073706239 0.82 0
1778073706239 0.82 0
1778073706239 0.82 0
1778073706239 0.82 0
1778073706239 0.82 0
1778073706239 0.82 0
1778073706239 0.82 0
1778073706239 0.82 0
1778073706239 0.82 0
