1778073706239 0.9788 0
1778073706239 0.9788 0
1778073706239 0.9788 0
1778073706239 0.9788 0
1778073706239 0.9788 0
1778073706239 0.9788 0
1778073706239 0.9788 0
1778073706239 0.9788 0
1778073706239 0.9788 0
1778073706239 0.9788 0
1778073706239 0.9788 0
1778073706239 0.9788 0
1778073706239 0.9788 0
1778073706239 0.9788 0
1778073706239 0.9788 0
1778073706239 0.9788 0
1778073706239 0.9788 0
1778073706239 0.9788 0
1778073706239 0.9788 0
1778073706239 0.9788 0
1778073706239 0.9788 0
1778073706239 0.9788 0
1778073706239 0.9788 0
1778073706239 0.9788 0
1778073706239 0.9788 0
1778073706239 0.9788 0
1778073706239 0.9788 0
1778073706239 0.9788 0
1778073706239 0.9788 0
1778073706239 0.9788 0
1778073706239 0.9788 0
1778073706239 0.9788 0
