1778073706239 0.9824 0
1778073706239 0.9824 0
1778073706239 0.9824 0
1778073706239 0.9824 0
1778073706239 0.9824 0
1778073706239 0.9824 0
1778073706239 0.9824 0
1778073706239 0.9824 0
1778073706239 0.9824 0
1778073706239 0.9824 0
1778073706239 0.9824 0
1778073706239 0.9824 0
1778073706239 0.9824 0
1778073706239 0.9824 0
1778073706239 0.9824 0
1778073706239 0.9824 0
1778073706239 0.9824 0
1778073706239 0.9824 0
1778073706239 0.9824 0
1778073706239 0.9824 0
1778073706239 0.9824 0
1778073706239 0.9824 0
1778073706239 0.9824 0
1778073706239 0.9824 0
1778073706239 0.9824 0
1778073706239 0.9824 0
1778073706239 0.9824 0
1778073706239 0.9824 0
1778073706239 0.9824 0
1778073706239 0.9824 0
1778073706239 0.9824 0
1778073706239 0.9824 0
