1778073706239 0.9117 0
1778073706239 0.9117 0
1778073706239 0.9117 0
1778073706239 0.9117 0
1778073706239 0.9117 0
1778073706239 0.9117 0
1778073706239 0.9117 0
1778073706239 0.9117 0
1778073706239 0.9117 0
1778073706239 0.9117 0
1778073706239 0.9117 0
1778073706239 0.9117 0
1778073706239 0.9117 0
1778073706239 0.9117 0
1778073706239 0.9117 0
1778073706239 0.9117 0
1778073706239 0.9117 0
1778073706239 0.9117 0
1778073706239 0.9117 0
1778073706239 0.9117 0
1778073706239 0.9117 0
1778073706239 0.9117 0
1778073706239 0.9117 0
1778073706239 0.9117 0
1778073706239 0.9117 0
1778073706239 0.9117 0
1778073706239 0.9117 0
1778073706239 0.9117 0
1778073706239 0.9117 0
1778073706239 0.9117 0
1778073706239 0.9117 0
1778073706239 0.9117 0
