1778065270106 0.8212 0 02e889ee1d4348ae8cce1e0c81e9cc18
1778065270106 0.8212 0 02e889ee1d4348ae8cce1e0c81e9cc18
1778065270106 0.8212 0 02e889ee1d4348ae8cce1e0c81e9cc18
1778065270106 0.8212 0 02e889ee1d4348ae8cce1e0c81e9cc18
1778065270106 0.8212 0 02e889ee1d4348ae8cce1e0c81e9cc18
1778065270106 0.8212 0 02e889ee1d4348ae8cce1e0c81e9cc18
1778065270106 0.8212 0 02e889ee1d4348ae8cce1e0c81e9cc18
1778065270106 0.8212 0 02e889ee1d4348ae8cce1e0c81e9cc18
1778065270106 0.8212 0 02e889ee1d4348ae8cce1e0c81e9cc18
1778065270106 0.8212 0 02e889ee1d4348ae8cce1e0c81e9cc18
1778065270106 0.8212 0 02e889ee1d4348ae8cce1e0c81e9cc18
1778065270106 0.8212 0 02e889ee1d4348ae8cce1e0c81e9cc18
1778065270106 0.8212 0 02e889ee1d4348ae8cce1e0c81e9cc18
1778065270106 0.8212 0 02e889ee1d4348ae8cce1e0c81e9cc18
1778065270106 0.8212 0 02e889ee1d4348ae8cce1e0c81e9cc18
1778065270106 0.8212 0 02e889ee1d4348ae8cce1e0c81e9cc18
