1778075092018 0.7919 0
1778075092018 0.7919 0
1778075092018 0.7919 0
1778075092018 0.7919 0
1778075092018 0.7919 0
1778075092018 0.7919 0
1778075092018 0.7919 0
1778075092018 0.7919 0
1778075092018 0.7919 0
1778075092018 0.7919 0
1778075092018 0.7919 0
1778075092018 0.7919 0
1778075092018 0.7919 0
1778075092018 0.7919 0
1778075092018 0.7919 0
1778075092018 0.7919 0
1778075092018 0.7919 0
1778075092018 0.7919 0
1778075092018 0.7919 0
1778075092018 0.7919 0
1778075092018 0.7919 0
1778075092018 0.7919 0
1778075092018 0.7919 0
1778075092018 0.7919 0
1778075092018 0.7919 0
1778075092018 0.7919 0
1778075092018 0.7919 0
1778075092018 0.7919 0
1778075092018 0.7919 0
1778075092018 0.7919 0
1778075092018 0.7919 0
1778075092018 0.7919 0
