1778075092018 0.8179 0
1778075092018 0.8179 0
1778075092018 0.8179 0
1778075092018 0.8179 0
1778075092018 0.8179 0
1778075092018 0.8179 0
1778075092018 0.8179 0
1778075092018 0.8179 0
1778075092018 0.8179 0
1778075092018 0.8179 0
1778075092018 0.8179 0
1778075092018 0.8179 0
1778075092018 0.8179 0
1778075092018 0.8179 0
1778075092018 0.8179 0
1778075092018 0.8179 0
1778075092018 0.8179 0
1778075092018 0.8179 0
1778075092018 0.8179 0
1778075092018 0.8179 0
1778075092018 0.8179 0
1778075092018 0.8179 0
1778075092018 0.8179 0
1778075092018 0.8179 0
1778075092018 0.8179 0
1778075092018 0.8179 0
1778075092018 0.8179 0
1778075092018 0.8179 0
1778075092018 0.8179 0
1778075092018 0.8179 0
1778075092018 0.8179 0
1778075092018 0.8179 0
