1778075092018 0.8921 0
1778075092018 0.8921 0
1778075092018 0.8921 0
1778075092018 0.8921 0
1778075092018 0.8921 0
1778075092018 0.8921 0
1778075092018 0.8921 0
1778075092018 0.8921 0
1778075092018 0.8921 0
1778075092018 0.8921 0
1778075092018 0.8921 0
1778075092018 0.8921 0
1778075092018 0.8921 0
1778075092018 0.8921 0
1778075092018 0.8921 0
1778075092018 0.8921 0
1778075092018 0.8921 0
1778075092018 0.8921 0
1778075092018 0.8921 0
1778075092018 0.8921 0
1778075092018 0.8921 0
1778075092018 0.8921 0
1778075092018 0.8921 0
1778075092018 0.8921 0
1778075092018 0.8921 0
1778075092018 0.8921 0
1778075092018 0.8921 0
1778075092018 0.8921 0
1778075092018 0.8921 0
1778075092018 0.8921 0
1778075092018 0.8921 0
1778075092018 0.8921 0
