1778075092018 0.572 0
1778075092018 0.572 0
1778075092018 0.572 0
1778075092018 0.572 0
1778075092018 0.572 0
1778075092018 0.572 0
1778075092018 0.572 0
1778075092018 0.572 0
1778075092018 0.572 0
1778075092018 0.572 0
1778075092018 0.572 0
1778075092018 0.572 0
1778075092018 0.572 0
1778075092018 0.572 0
1778075092018 0.572 0
1778075092018 0.572 0
1778075092018 0.572 0
1778075092018 0.572 0
1778075092018 0.572 0
1778075092018 0.572 0
1778075092018 0.572 0
1778075092018 0.572 0
1778075092018 0.572 0
1778075092018 0.572 0
1778075092018 0.572 0
1778075092018 0.572 0
1778075092018 0.572 0
1778075092018 0.572 0
1778075092018 0.572 0
1778075092018 0.572 0
1778075092018 0.572 0
1778075092018 0.572 0
