1778075092018 0.8206 0
1778075092018 0.8206 0
1778075092018 0.8206 0
1778075092018 0.8206 0
1778075092018 0.8206 0
1778075092018 0.8206 0
1778075092018 0.8206 0
1778075092018 0.8206 0
1778075092018 0.8206 0
1778075092018 0.8206 0
1778075092018 0.8206 0
1778075092018 0.8206 0
1778075092018 0.8206 0
1778075092018 0.8206 0
1778075092018 0.8206 0
1778075092018 0.8206 0
1778075092018 0.8206 0
1778075092018 0.8206 0
1778075092018 0.8206 0
1778075092018 0.8206 0
1778075092018 0.8206 0
1778075092018 0.8206 0
1778075092018 0.8206 0
1778075092018 0.8206 0
1778075092018 0.8206 0
1778075092018 0.8206 0
1778075092018 0.8206 0
1778075092018 0.8206 0
1778075092018 0.8206 0
1778075092018 0.8206 0
1778075092018 0.8206 0
1778075092018 0.8206 0
