1778075092018 1137394.18 0
1778075092018 1137394.18 0
1778075092018 1137394.18 0
1778075092018 1137394.18 0
1778075092018 1137394.18 0
1778075092018 1137394.18 0
1778075092018 1137394.18 0
1778075092018 1137394.18 0
1778075092018 1137394.18 0
1778075092018 1137394.18 0
1778075092018 1137394.18 0
1778075092018 1137394.18 0
1778075092018 1137394.18 0
1778075092018 1137394.18 0
1778075092018 1137394.18 0
1778075092018 1137394.18 0
1778075092018 1137394.18 0
1778075092018 1137394.18 0
1778075092018 1137394.18 0
1778075092018 1137394.18 0
1778075092018 1137394.18 0
1778075092018 1137394.18 0
1778075092018 1137394.18 0
1778075092018 1137394.18 0
1778075092018 1137394.18 0
1778075092018 1137394.18 0
1778075092018 1137394.18 0
1778075092018 1137394.18 0
1778075092018 1137394.18 0
1778075092018 1137394.18 0
1778075092018 1137394.18 0
1778075092018 1137394.18 0
