1778075092018 4.0 0
1778075092018 4.0 0
1778075092018 4.0 0
1778075092018 4.0 0
1778075092018 4.0 0
1778075092018 4.0 0
1778075092018 4.0 0
1778075092018 4.0 0
1778075092018 4.0 0
1778075092018 4.0 0
1778075092018 4.0 0
1778075092018 4.0 0
1778075092018 4.0 0
1778075092018 4.0 0
1778075092018 4.0 0
1778075092018 4.0 0
1778075092018 4.0 0
1778075092018 4.0 0
1778075092018 4.0 0
1778075092018 4.0 0
1778075092018 4.0 0
1778075092018 4.0 0
1778075092018 4.0 0
1778075092018 4.0 0
1778075092018 4.0 0
1778075092018 4.0 0
1778075092018 4.0 0
1778075092018 4.0 0
1778075092018 4.0 0
1778075092018 4.0 0
1778075092018 4.0 0
1778075092018 4.0 0
