1778075092018 0.8799 0
1778075092018 0.8799 0
1778075092018 0.8799 0
1778075092018 0.8799 0
1778075092018 0.8799 0
1778075092018 0.8799 0
1778075092018 0.8799 0
1778075092018 0.8799 0
1778075092018 0.8799 0
1778075092018 0.8799 0
1778075092018 0.8799 0
1778075092018 0.8799 0
1778075092018 0.8799 0
1778075092018 0.8799 0
1778075092018 0.8799 0
1778075092018 0.8799 0
1778075092018 0.8799 0
1778075092018 0.8799 0
1778075092018 0.8799 0
1778075092018 0.8799 0
1778075092018 0.8799 0
1778075092018 0.8799 0
1778075092018 0.8799 0
1778075092018 0.8799 0
1778075092018 0.8799 0
1778075092018 0.8799 0
1778075092018 0.8799 0
1778075092018 0.8799 0
1778075092018 0.8799 0
1778075092018 0.8799 0
1778075092018 0.8799 0
1778075092018 0.8799 0
