1778075092018 0.9788 0
1778075092018 0.9788 0
1778075092018 0.9788 0
1778075092018 0.9788 0
1778075092018 0.9788 0
1778075092018 0.9788 0
1778075092018 0.9788 0
1778075092018 0.9788 0
1778075092018 0.9788 0
1778075092018 0.9788 0
1778075092018 0.9788 0
1778075092018 0.9788 0
1778075092018 0.9788 0
1778075092018 0.9788 0
1778075092018 0.9788 0
1778075092018 0.9788 0
1778075092018 0.9788 0
1778075092018 0.9788 0
1778075092018 0.9788 0
1778075092018 0.9788 0
1778075092018 0.9788 0
1778075092018 0.9788 0
1778075092018 0.9788 0
1778075092018 0.9788 0
1778075092018 0.9788 0
1778075092018 0.9788 0
1778075092018 0.9788 0
1778075092018 0.9788 0
1778075092018 0.9788 0
1778075092018 0.9788 0
1778075092018 0.9788 0
1778075092018 0.9788 0
