1778075092018 0.9117 0
1778075092018 0.9117 0
1778075092018 0.9117 0
1778075092018 0.9117 0
1778075092018 0.9117 0
1778075092018 0.9117 0
1778075092018 0.9117 0
1778075092018 0.9117 0
1778075092018 0.9117 0
1778075092018 0.9117 0
1778075092018 0.9117 0
1778075092018 0.9117 0
1778075092018 0.9117 0
1778075092018 0.9117 0
1778075092018 0.9117 0
1778075092018 0.9117 0
1778075092018 0.9117 0
1778075092018 0.9117 0
1778075092018 0.9117 0
1778075092018 0.9117 0
1778075092018 0.9117 0
1778075092018 0.9117 0
1778075092018 0.9117 0
1778075092018 0.9117 0
1778075092018 0.9117 0
1778075092018 0.9117 0
1778075092018 0.9117 0
1778075092018 0.9117 0
1778075092018 0.9117 0
1778075092018 0.9117 0
1778075092018 0.9117 0
1778075092018 0.9117 0
