1778075092018 0.826 0
1778075092018 0.826 0
1778075092018 0.826 0
1778075092018 0.826 0
1778075092018 0.826 0
1778075092018 0.826 0
1778075092018 0.826 0
1778075092018 0.826 0
1778075092018 0.826 0
1778075092018 0.826 0
1778075092018 0.826 0
1778075092018 0.826 0
1778075092018 0.826 0
1778075092018 0.826 0
1778075092018 0.826 0
1778075092018 0.826 0
1778075092018 0.826 0
1778075092018 0.826 0
1778075092018 0.826 0
1778075092018 0.826 0
1778075092018 0.826 0
1778075092018 0.826 0
1778075092018 0.826 0
1778075092018 0.826 0
1778075092018 0.826 0
1778075092018 0.826 0
1778075092018 0.826 0
1778075092018 0.826 0
1778075092018 0.826 0
1778075092018 0.826 0
1778075092018 0.826 0
1778075092018 0.826 0
