1778075092018 0.8212 0
1778075092018 0.8212 0
1778075092018 0.8212 0
1778075092018 0.8212 0
1778075092018 0.8212 0
1778075092018 0.8212 0
1778075092018 0.8212 0
1778075092018 0.8212 0
1778075092018 0.8212 0
1778075092018 0.8212 0
1778075092018 0.8212 0
1778075092018 0.8212 0
1778075092018 0.8212 0
1778075092018 0.8212 0
1778075092018 0.8212 0
1778075092018 0.8212 0
1778075092018 0.8212 0
1778075092018 0.8212 0
1778075092018 0.8212 0
1778075092018 0.8212 0
1778075092018 0.8212 0
1778075092018 0.8212 0
1778075092018 0.8212 0
1778075092018 0.8212 0
1778075092018 0.8212 0
1778075092018 0.8212 0
1778075092018 0.8212 0
1778075092018 0.8212 0
1778075092018 0.8212 0
1778075092018 0.8212 0
1778075092018 0.8212 0
1778075092018 0.8212 0
