1778075092018 0.82 0
1778075092018 0.82 0
1778075092018 0.82 0
1778075092018 0.82 0
1778075092018 0.82 0
1778075092018 0.82 0
1778075092018 0.82 0
1778075092018 0.82 0
1778075092018 0.82 0
1778075092018 0.82 0
1778075092018 0.82 0
1778075092018 0.82 0
1778075092018 0.82 0
1778075092018 0.82 0
1778075092018 0.82 0
1778075092018 0.82 0
1778075092018 0.82 0
1778075092018 0.82 0
1778075092018 0.82 0
1778075092018 0.82 0
1778075092018 0.82 0
1778075092018 0.82 0
1778075092018 0.82 0
1778075092018 0.82 0
1778075092018 0.82 0
1778075092018 0.82 0
1778075092018 0.82 0
1778075092018 0.82 0
1778075092018 0.82 0
1778075092018 0.82 0
1778075092018 0.82 0
1778075092018 0.82 0
