1778075092018 0.9569 0
1778075092018 0.9569 0
1778075092018 0.9569 0
1778075092018 0.9569 0
1778075092018 0.9569 0
1778075092018 0.9569 0
1778075092018 0.9569 0
1778075092018 0.9569 0
1778075092018 0.9569 0
1778075092018 0.9569 0
1778075092018 0.9569 0
1778075092018 0.9569 0
1778075092018 0.9569 0
1778075092018 0.9569 0
1778075092018 0.9569 0
1778075092018 0.9569 0
1778075092018 0.9569 0
1778075092018 0.9569 0
1778075092018 0.9569 0
1778075092018 0.9569 0
1778075092018 0.9569 0
1778075092018 0.9569 0
1778075092018 0.9569 0
1778075092018 0.9569 0
1778075092018 0.9569 0
1778075092018 0.9569 0
1778075092018 0.9569 0
1778075092018 0.9569 0
1778075092018 0.9569 0
1778075092018 0.9569 0
1778075092018 0.9569 0
1778075092018 0.9569 0
