1778075092018 0.9824 0
1778075092018 0.9824 0
1778075092018 0.9824 0
1778075092018 0.9824 0
1778075092018 0.9824 0
1778075092018 0.9824 0
1778075092018 0.9824 0
1778075092018 0.9824 0
1778075092018 0.9824 0
1778075092018 0.9824 0
1778075092018 0.9824 0
1778075092018 0.9824 0
1778075092018 0.9824 0
1778075092018 0.9824 0
1778075092018 0.9824 0
1778075092018 0.9824 0
1778075092018 0.9824 0
1778075092018 0.9824 0
1778075092018 0.9824 0
1778075092018 0.9824 0
1778075092018 0.9824 0
1778075092018 0.9824 0
1778075092018 0.9824 0
1778075092018 0.9824 0
1778075092018 0.9824 0
1778075092018 0.9824 0
1778075092018 0.9824 0
1778075092018 0.9824 0
1778075092018 0.9824 0
1778075092018 0.9824 0
1778075092018 0.9824 0
1778075092018 0.9824 0
