1777232434303 0.7919 0
1777232434303 0.7919 0
1777232434303 0.7919 0
1777232434303 0.7919 0
1777232434303 0.7919 0
1777232434303 0.7919 0
1777232434303 0.7919 0
1777232434303 0.7919 0
1777232434303 0.7919 0
1777232434303 0.7919 0
1777232434303 0.7919 0
1777232434303 0.7919 0
1777232434303 0.7919 0
1777232434303 0.7919 0
1777232434303 0.7919 0
1777232434303 0.7919 0
1777232434303 0.7919 0
1777232434303 0.7919 0
1777232434303 0.7919 0
1777232434303 0.7919 0
1777232434303 0.7919 0
1777232434303 0.7919 0
1777232434303 0.7919 0
1777232434303 0.7919 0
1777232434303 0.7919 0
1777232434303 0.7919 0
1777232434303 0.7919 0
1777232434303 0.7919 0
1777232434303 0.7919 0
1777232434303 0.7919 0
1777232434303 0.7919 0
1777232434303 0.7919 0
