1777232434303 0.8206 0
1777232434303 0.8206 0
1777232434303 0.8206 0
1777232434303 0.8206 0
1777232434303 0.8206 0
1777232434303 0.8206 0
1777232434303 0.8206 0
1777232434303 0.8206 0
1777232434303 0.8206 0
1777232434303 0.8206 0
1777232434303 0.8206 0
1777232434303 0.8206 0
1777232434303 0.8206 0
1777232434303 0.8206 0
1777232434303 0.8206 0
1777232434303 0.8206 0
1777232434303 0.8206 0
1777232434303 0.8206 0
1777232434303 0.8206 0
1777232434303 0.8206 0
1777232434303 0.8206 0
1777232434303 0.8206 0
1777232434303 0.8206 0
1777232434303 0.8206 0
1777232434303 0.8206 0
1777232434303 0.8206 0
1777232434303 0.8206 0
1777232434303 0.8206 0
1777232434303 0.8206 0
1777232434303 0.8206 0
1777232434303 0.8206 0
1777232434303 0.8206 0
