1777232434303 0.8179 0
1777232434303 0.8179 0
1777232434303 0.8179 0
1777232434303 0.8179 0
1777232434303 0.8179 0
1777232434303 0.8179 0
1777232434303 0.8179 0
1777232434303 0.8179 0
1777232434303 0.8179 0
1777232434303 0.8179 0
1777232434303 0.8179 0
1777232434303 0.8179 0
1777232434303 0.8179 0
1777232434303 0.8179 0
1777232434303 0.8179 0
1777232434303 0.8179 0
1777232434303 0.8179 0
1777232434303 0.8179 0
1777232434303 0.8179 0
1777232434303 0.8179 0
1777232434303 0.8179 0
1777232434303 0.8179 0
1777232434303 0.8179 0
1777232434303 0.8179 0
1777232434303 0.8179 0
1777232434303 0.8179 0
1777232434303 0.8179 0
1777232434303 0.8179 0
1777232434303 0.8179 0
1777232434303 0.8179 0
1777232434303 0.8179 0
1777232434303 0.8179 0
