1777232434303 0.8921 0
1777232434303 0.8921 0
1777232434303 0.8921 0
1777232434303 0.8921 0
1777232434303 0.8921 0
1777232434303 0.8921 0
1777232434303 0.8921 0
1777232434303 0.8921 0
1777232434303 0.8921 0
1777232434303 0.8921 0
1777232434303 0.8921 0
1777232434303 0.8921 0
1777232434303 0.8921 0
1777232434303 0.8921 0
1777232434303 0.8921 0
1777232434303 0.8921 0
1777232434303 0.8921 0
1777232434303 0.8921 0
1777232434303 0.8921 0
1777232434303 0.8921 0
1777232434303 0.8921 0
1777232434303 0.8921 0
1777232434303 0.8921 0
1777232434303 0.8921 0
1777232434303 0.8921 0
1777232434303 0.8921 0
1777232434303 0.8921 0
1777232434303 0.8921 0
1777232434303 0.8921 0
1777232434303 0.8921 0
1777232434303 0.8921 0
1777232434303 0.8921 0
