1777232434303 0.572 0
1777232434303 0.572 0
1777232434303 0.572 0
1777232434303 0.572 0
1777232434303 0.572 0
1777232434303 0.572 0
1777232434303 0.572 0
1777232434303 0.572 0
1777232434303 0.572 0
1777232434303 0.572 0
1777232434303 0.572 0
1777232434303 0.572 0
1777232434303 0.572 0
1777232434303 0.572 0
1777232434303 0.572 0
1777232434303 0.572 0
1777232434303 0.572 0
1777232434303 0.572 0
1777232434303 0.572 0
1777232434303 0.572 0
1777232434303 0.572 0
1777232434303 0.572 0
1777232434303 0.572 0
1777232434303 0.572 0
1777232434303 0.572 0
1777232434303 0.572 0
1777232434303 0.572 0
1777232434303 0.572 0
1777232434303 0.572 0
1777232434303 0.572 0
1777232434303 0.572 0
1777232434303 0.572 0
