1777232434303 1137394.18 0
1777232434303 1137394.18 0
1777232434303 1137394.18 0
1777232434303 1137394.18 0
1777232434303 1137394.18 0
1777232434303 1137394.18 0
1777232434303 1137394.18 0
1777232434303 1137394.18 0
1777232434303 1137394.18 0
1777232434303 1137394.18 0
1777232434303 1137394.18 0
1777232434303 1137394.18 0
1777232434303 1137394.18 0
1777232434303 1137394.18 0
1777232434303 1137394.18 0
1777232434303 1137394.18 0
1777232434303 1137394.18 0
1777232434303 1137394.18 0
1777232434303 1137394.18 0
1777232434303 1137394.18 0
1777232434303 1137394.18 0
1777232434303 1137394.18 0
1777232434303 1137394.18 0
1777232434303 1137394.18 0
1777232434303 1137394.18 0
1777232434303 1137394.18 0
1777232434303 1137394.18 0
1777232434303 1137394.18 0
1777232434303 1137394.18 0
1777232434303 1137394.18 0
1777232434303 1137394.18 0
1777232434303 1137394.18 0
