1777232434303 4.0 0
1777232434303 4.0 0
1777232434303 4.0 0
1777232434303 4.0 0
1777232434303 4.0 0
1777232434303 4.0 0
1777232434303 4.0 0
1777232434303 4.0 0
1777232434303 4.0 0
1777232434303 4.0 0
1777232434303 4.0 0
1777232434303 4.0 0
1777232434303 4.0 0
1777232434303 4.0 0
1777232434303 4.0 0
1777232434303 4.0 0
1777232434303 4.0 0
1777232434303 4.0 0
1777232434303 4.0 0
1777232434303 4.0 0
1777232434303 4.0 0
1777232434303 4.0 0
1777232434303 4.0 0
1777232434303 4.0 0
1777232434303 4.0 0
1777232434303 4.0 0
1777232434303 4.0 0
1777232434303 4.0 0
1777232434303 4.0 0
1777232434303 4.0 0
1777232434303 4.0 0
1777232434303 4.0 0
