1777232434303 0.82 0
1777232434303 0.82 0
1777232434303 0.82 0
1777232434303 0.82 0
1777232434303 0.82 0
1777232434303 0.82 0
1777232434303 0.82 0
1777232434303 0.82 0
1777232434303 0.82 0
1777232434303 0.82 0
1777232434303 0.82 0
1777232434303 0.82 0
1777232434303 0.82 0
1777232434303 0.82 0
1777232434303 0.82 0
1777232434303 0.82 0
1777232434303 0.82 0
1777232434303 0.82 0
1777232434303 0.82 0
1777232434303 0.82 0
1777232434303 0.82 0
1777232434303 0.82 0
1777232434303 0.82 0
1777232434303 0.82 0
1777232434303 0.82 0
1777232434303 0.82 0
1777232434303 0.82 0
1777232434303 0.82 0
1777232434303 0.82 0
1777232434303 0.82 0
1777232434303 0.82 0
1777232434303 0.82 0
