1777232434303 0.9117 0
1777232434303 0.9117 0
1777232434303 0.9117 0
1777232434303 0.9117 0
1777232434303 0.9117 0
1777232434303 0.9117 0
1777232434303 0.9117 0
1777232434303 0.9117 0
1777232434303 0.9117 0
1777232434303 0.9117 0
1777232434303 0.9117 0
1777232434303 0.9117 0
1777232434303 0.9117 0
1777232434303 0.9117 0
1777232434303 0.9117 0
1777232434303 0.9117 0
1777232434303 0.9117 0
1777232434303 0.9117 0
1777232434303 0.9117 0
1777232434303 0.9117 0
1777232434303 0.9117 0
1777232434303 0.9117 0
1777232434303 0.9117 0
1777232434303 0.9117 0
1777232434303 0.9117 0
1777232434303 0.9117 0
1777232434303 0.9117 0
1777232434303 0.9117 0
1777232434303 0.9117 0
1777232434303 0.9117 0
1777232434303 0.9117 0
1777232434303 0.9117 0
