1777232434303 0.9788 0
1777232434303 0.9788 0
1777232434303 0.9788 0
1777232434303 0.9788 0
1777232434303 0.9788 0
1777232434303 0.9788 0
1777232434303 0.9788 0
1777232434303 0.9788 0
1777232434303 0.9788 0
1777232434303 0.9788 0
1777232434303 0.9788 0
1777232434303 0.9788 0
1777232434303 0.9788 0
1777232434303 0.9788 0
1777232434303 0.9788 0
1777232434303 0.9788 0
1777232434303 0.9788 0
1777232434303 0.9788 0
1777232434303 0.9788 0
1777232434303 0.9788 0
1777232434303 0.9788 0
1777232434303 0.9788 0
1777232434303 0.9788 0
1777232434303 0.9788 0
1777232434303 0.9788 0
1777232434303 0.9788 0
1777232434303 0.9788 0
1777232434303 0.9788 0
1777232434303 0.9788 0
1777232434303 0.9788 0
1777232434303 0.9788 0
1777232434303 0.9788 0
