1777232434303 0.9569 0
1777232434303 0.9569 0
1777232434303 0.9569 0
1777232434303 0.9569 0
1777232434303 0.9569 0
1777232434303 0.9569 0
1777232434303 0.9569 0
1777232434303 0.9569 0
1777232434303 0.9569 0
1777232434303 0.9569 0
1777232434303 0.9569 0
1777232434303 0.9569 0
1777232434303 0.9569 0
1777232434303 0.9569 0
1777232434303 0.9569 0
1777232434303 0.9569 0
1777232434303 0.9569 0
1777232434303 0.9569 0
1777232434303 0.9569 0
1777232434303 0.9569 0
1777232434303 0.9569 0
1777232434303 0.9569 0
1777232434303 0.9569 0
1777232434303 0.9569 0
1777232434303 0.9569 0
1777232434303 0.9569 0
1777232434303 0.9569 0
1777232434303 0.9569 0
1777232434303 0.9569 0
1777232434303 0.9569 0
1777232434303 0.9569 0
1777232434303 0.9569 0
