1777232434303 0.9824 0
1777232434303 0.9824 0
1777232434303 0.9824 0
1777232434303 0.9824 0
1777232434303 0.9824 0
1777232434303 0.9824 0
1777232434303 0.9824 0
1777232434303 0.9824 0
1777232434303 0.9824 0
1777232434303 0.9824 0
1777232434303 0.9824 0
1777232434303 0.9824 0
1777232434303 0.9824 0
1777232434303 0.9824 0
1777232434303 0.9824 0
1777232434303 0.9824 0
1777232434303 0.9824 0
1777232434303 0.9824 0
1777232434303 0.9824 0
1777232434303 0.9824 0
1777232434303 0.9824 0
1777232434303 0.9824 0
1777232434303 0.9824 0
1777232434303 0.9824 0
1777232434303 0.9824 0
1777232434303 0.9824 0
1777232434303 0.9824 0
1777232434303 0.9824 0
1777232434303 0.9824 0
1777232434303 0.9824 0
1777232434303 0.9824 0
1777232434303 0.9824 0
