1777232434303 0.8212 0
1777232434303 0.8212 0
1777232434303 0.8212 0
1777232434303 0.8212 0
1777232434303 0.8212 0
1777232434303 0.8212 0
1777232434303 0.8212 0
1777232434303 0.8212 0
1777232434303 0.8212 0
1777232434303 0.8212 0
1777232434303 0.8212 0
1777232434303 0.8212 0
1777232434303 0.8212 0
1777232434303 0.8212 0
1777232434303 0.8212 0
1777232434303 0.8212 0
1777232434303 0.8212 0
1777232434303 0.8212 0
1777232434303 0.8212 0
1777232434303 0.8212 0
1777232434303 0.8212 0
1777232434303 0.8212 0
1777232434303 0.8212 0
1777232434303 0.8212 0
1777232434303 0.8212 0
1777232434303 0.8212 0
1777232434303 0.8212 0
1777232434303 0.8212 0
1777232434303 0.8212 0
1777232434303 0.8212 0
1777232434303 0.8212 0
1777232434303 0.8212 0
