1777232434303 0.8799 0
1777232434303 0.8799 0
1777232434303 0.8799 0
1777232434303 0.8799 0
1777232434303 0.8799 0
1777232434303 0.8799 0
1777232434303 0.8799 0
1777232434303 0.8799 0
1777232434303 0.8799 0
1777232434303 0.8799 0
1777232434303 0.8799 0
1777232434303 0.8799 0
1777232434303 0.8799 0
1777232434303 0.8799 0
1777232434303 0.8799 0
1777232434303 0.8799 0
1777232434303 0.8799 0
1777232434303 0.8799 0
1777232434303 0.8799 0
1777232434303 0.8799 0
1777232434303 0.8799 0
1777232434303 0.8799 0
1777232434303 0.8799 0
1777232434303 0.8799 0
1777232434303 0.8799 0
1777232434303 0.8799 0
1777232434303 0.8799 0
1777232434303 0.8799 0
1777232434303 0.8799 0
1777232434303 0.8799 0
1777232434303 0.8799 0
1777232434303 0.8799 0
