1777232434303 0.826 0
1777232434303 0.826 0
1777232434303 0.826 0
1777232434303 0.826 0
1777232434303 0.826 0
1777232434303 0.826 0
1777232434303 0.826 0
1777232434303 0.826 0
1777232434303 0.826 0
1777232434303 0.826 0
1777232434303 0.826 0
1777232434303 0.826 0
1777232434303 0.826 0
1777232434303 0.826 0
1777232434303 0.826 0
1777232434303 0.826 0
1777232434303 0.826 0
1777232434303 0.826 0
1777232434303 0.826 0
1777232434303 0.826 0
1777232434303 0.826 0
1777232434303 0.826 0
1777232434303 0.826 0
1777232434303 0.826 0
1777232434303 0.826 0
1777232434303 0.826 0
1777232434303 0.826 0
1777232434303 0.826 0
1777232434303 0.826 0
1777232434303 0.826 0
1777232434303 0.826 0
1777232434303 0.826 0
