1777232261246 0.8206 0
1777232261246 0.8206 0
1777232261246 0.8206 0
1777232261246 0.8206 0
1777232261246 0.8206 0
1777232261246 0.8206 0
1777232261246 0.8206 0
1777232261246 0.8206 0
1777232261246 0.8206 0
1777232261246 0.8206 0
1777232261246 0.8206 0
1777232261246 0.8206 0
1777232261246 0.8206 0
1777232261246 0.8206 0
1777232261246 0.8206 0
1777232261246 0.8206 0
1777232261246 0.8206 0
1777232261246 0.8206 0
1777232261246 0.8206 0
1777232261246 0.8206 0
1777232261246 0.8206 0
1777232261246 0.8206 0
1777232261246 0.8206 0
1777232261246 0.8206 0
1777232261246 0.8206 0
1777232261246 0.8206 0
1777232261246 0.8206 0
1777232261246 0.8206 0
1777232261246 0.8206 0
1777232261246 0.8206 0
1777232261246 0.8206 0
1777232261246 0.8206 0
