1777232261246 0.8179 0
1777232261246 0.8179 0
1777232261246 0.8179 0
1777232261246 0.8179 0
1777232261246 0.8179 0
1777232261246 0.8179 0
1777232261246 0.8179 0
1777232261246 0.8179 0
1777232261246 0.8179 0
1777232261246 0.8179 0
1777232261246 0.8179 0
1777232261246 0.8179 0
1777232261246 0.8179 0
1777232261246 0.8179 0
1777232261246 0.8179 0
1777232261246 0.8179 0
1777232261246 0.8179 0
1777232261246 0.8179 0
1777232261246 0.8179 0
1777232261246 0.8179 0
1777232261246 0.8179 0
1777232261246 0.8179 0
1777232261246 0.8179 0
1777232261246 0.8179 0
1777232261246 0.8179 0
1777232261246 0.8179 0
1777232261246 0.8179 0
1777232261246 0.8179 0
1777232261246 0.8179 0
1777232261246 0.8179 0
1777232261246 0.8179 0
1777232261246 0.8179 0
