1777232261246 0.7919 0
1777232261246 0.7919 0
1777232261246 0.7919 0
1777232261246 0.7919 0
1777232261246 0.7919 0
1777232261246 0.7919 0
1777232261246 0.7919 0
1777232261246 0.7919 0
1777232261246 0.7919 0
1777232261246 0.7919 0
1777232261246 0.7919 0
1777232261246 0.7919 0
1777232261246 0.7919 0
1777232261246 0.7919 0
1777232261246 0.7919 0
1777232261246 0.7919 0
1777232261246 0.7919 0
1777232261246 0.7919 0
1777232261246 0.7919 0
1777232261246 0.7919 0
1777232261246 0.7919 0
1777232261246 0.7919 0
1777232261246 0.7919 0
1777232261246 0.7919 0
1777232261246 0.7919 0
1777232261246 0.7919 0
1777232261246 0.7919 0
1777232261246 0.7919 0
1777232261246 0.7919 0
1777232261246 0.7919 0
1777232261246 0.7919 0
1777232261246 0.7919 0
