1777232261246 0.572 0
1777232261246 0.572 0
1777232261246 0.572 0
1777232261246 0.572 0
1777232261246 0.572 0
1777232261246 0.572 0
1777232261246 0.572 0
1777232261246 0.572 0
1777232261246 0.572 0
1777232261246 0.572 0
1777232261246 0.572 0
1777232261246 0.572 0
1777232261246 0.572 0
1777232261246 0.572 0
1777232261246 0.572 0
1777232261246 0.572 0
1777232261246 0.572 0
1777232261246 0.572 0
1777232261246 0.572 0
1777232261246 0.572 0
1777232261246 0.572 0
1777232261246 0.572 0
1777232261246 0.572 0
1777232261246 0.572 0
1777232261246 0.572 0
1777232261246 0.572 0
1777232261246 0.572 0
1777232261246 0.572 0
1777232261246 0.572 0
1777232261246 0.572 0
1777232261246 0.572 0
1777232261246 0.572 0
