1777232261246 0.8921 0
1777232261246 0.8921 0
1777232261246 0.8921 0
1777232261246 0.8921 0
1777232261246 0.8921 0
1777232261246 0.8921 0
1777232261246 0.8921 0
1777232261246 0.8921 0
1777232261246 0.8921 0
1777232261246 0.8921 0
1777232261246 0.8921 0
1777232261246 0.8921 0
1777232261246 0.8921 0
1777232261246 0.8921 0
1777232261246 0.8921 0
1777232261246 0.8921 0
1777232261246 0.8921 0
1777232261246 0.8921 0
1777232261246 0.8921 0
1777232261246 0.8921 0
1777232261246 0.8921 0
1777232261246 0.8921 0
1777232261246 0.8921 0
1777232261246 0.8921 0
1777232261246 0.8921 0
1777232261246 0.8921 0
1777232261246 0.8921 0
1777232261246 0.8921 0
1777232261246 0.8921 0
1777232261246 0.8921 0
1777232261246 0.8921 0
1777232261246 0.8921 0
