1777232261246 4.0 0
1777232261246 4.0 0
1777232261246 4.0 0
1777232261246 4.0 0
1777232261246 4.0 0
1777232261246 4.0 0
1777232261246 4.0 0
1777232261246 4.0 0
1777232261246 4.0 0
1777232261246 4.0 0
1777232261246 4.0 0
1777232261246 4.0 0
1777232261246 4.0 0
1777232261246 4.0 0
1777232261246 4.0 0
1777232261246 4.0 0
1777232261246 4.0 0
1777232261246 4.0 0
1777232261246 4.0 0
1777232261246 4.0 0
1777232261246 4.0 0
1777232261246 4.0 0
1777232261246 4.0 0
1777232261246 4.0 0
1777232261246 4.0 0
1777232261246 4.0 0
1777232261246 4.0 0
1777232261246 4.0 0
1777232261246 4.0 0
1777232261246 4.0 0
1777232261246 4.0 0
1777232261246 4.0 0
