1777232261246 1137394.18 0
1777232261246 1137394.18 0
1777232261246 1137394.18 0
1777232261246 1137394.18 0
1777232261246 1137394.18 0
1777232261246 1137394.18 0
1777232261246 1137394.18 0
1777232261246 1137394.18 0
1777232261246 1137394.18 0
1777232261246 1137394.18 0
1777232261246 1137394.18 0
1777232261246 1137394.18 0
1777232261246 1137394.18 0
1777232261246 1137394.18 0
1777232261246 1137394.18 0
1777232261246 1137394.18 0
1777232261246 1137394.18 0
1777232261246 1137394.18 0
1777232261246 1137394.18 0
1777232261246 1137394.18 0
1777232261246 1137394.18 0
1777232261246 1137394.18 0
1777232261246 1137394.18 0
1777232261246 1137394.18 0
1777232261246 1137394.18 0
1777232261246 1137394.18 0
1777232261246 1137394.18 0
1777232261246 1137394.18 0
1777232261246 1137394.18 0
1777232261246 1137394.18 0
1777232261246 1137394.18 0
1777232261246 1137394.18 0
