1777232261246 0.9788 0
1777232261246 0.9788 0
1777232261246 0.9788 0
1777232261246 0.9788 0
1777232261246 0.9788 0
1777232261246 0.9788 0
1777232261246 0.9788 0
1777232261246 0.9788 0
1777232261246 0.9788 0
1777232261246 0.9788 0
1777232261246 0.9788 0
1777232261246 0.9788 0
1777232261246 0.9788 0
1777232261246 0.9788 0
1777232261246 0.9788 0
1777232261246 0.9788 0
1777232261246 0.9788 0
1777232261246 0.9788 0
1777232261246 0.9788 0
1777232261246 0.9788 0
1777232261246 0.9788 0
1777232261246 0.9788 0
1777232261246 0.9788 0
1777232261246 0.9788 0
1777232261246 0.9788 0
1777232261246 0.9788 0
1777232261246 0.9788 0
1777232261246 0.9788 0
1777232261246 0.9788 0
1777232261246 0.9788 0
1777232261246 0.9788 0
1777232261246 0.9788 0
