1777232261246 0.9824 0
1777232261246 0.9824 0
1777232261246 0.9824 0
1777232261246 0.9824 0
1777232261246 0.9824 0
1777232261246 0.9824 0
1777232261246 0.9824 0
1777232261246 0.9824 0
1777232261246 0.9824 0
1777232261246 0.9824 0
1777232261246 0.9824 0
1777232261246 0.9824 0
1777232261246 0.9824 0
1777232261246 0.9824 0
1777232261246 0.9824 0
1777232261246 0.9824 0
1777232261246 0.9824 0
1777232261246 0.9824 0
1777232261246 0.9824 0
1777232261246 0.9824 0
1777232261246 0.9824 0
1777232261246 0.9824 0
1777232261246 0.9824 0
1777232261246 0.9824 0
1777232261246 0.9824 0
1777232261246 0.9824 0
1777232261246 0.9824 0
1777232261246 0.9824 0
1777232261246 0.9824 0
1777232261246 0.9824 0
1777232261246 0.9824 0
1777232261246 0.9824 0
