1777232261246 0.9117 0
1777232261246 0.9117 0
1777232261246 0.9117 0
1777232261246 0.9117 0
1777232261246 0.9117 0
1777232261246 0.9117 0
1777232261246 0.9117 0
1777232261246 0.9117 0
1777232261246 0.9117 0
1777232261246 0.9117 0
1777232261246 0.9117 0
1777232261246 0.9117 0
1777232261246 0.9117 0
1777232261246 0.9117 0
1777232261246 0.9117 0
1777232261246 0.9117 0
1777232261246 0.9117 0
1777232261246 0.9117 0
1777232261246 0.9117 0
1777232261246 0.9117 0
1777232261246 0.9117 0
1777232261246 0.9117 0
1777232261246 0.9117 0
1777232261246 0.9117 0
1777232261246 0.9117 0
1777232261246 0.9117 0
1777232261246 0.9117 0
1777232261246 0.9117 0
1777232261246 0.9117 0
1777232261246 0.9117 0
1777232261246 0.9117 0
1777232261246 0.9117 0
