1777232261246 0.82 0
1777232261246 0.82 0
1777232261246 0.82 0
1777232261246 0.82 0
1777232261246 0.82 0
1777232261246 0.82 0
1777232261246 0.82 0
1777232261246 0.82 0
1777232261246 0.82 0
1777232261246 0.82 0
1777232261246 0.82 0
1777232261246 0.82 0
1777232261246 0.82 0
1777232261246 0.82 0
1777232261246 0.82 0
1777232261246 0.82 0
1777232261246 0.82 0
1777232261246 0.82 0
1777232261246 0.82 0
1777232261246 0.82 0
1777232261246 0.82 0
1777232261246 0.82 0
1777232261246 0.82 0
1777232261246 0.82 0
1777232261246 0.82 0
1777232261246 0.82 0
1777232261246 0.82 0
1777232261246 0.82 0
1777232261246 0.82 0
1777232261246 0.82 0
1777232261246 0.82 0
1777232261246 0.82 0
