1777232261246 0.8799 0
1777232261246 0.8799 0
1777232261246 0.8799 0
1777232261246 0.8799 0
1777232261246 0.8799 0
1777232261246 0.8799 0
1777232261246 0.8799 0
1777232261246 0.8799 0
1777232261246 0.8799 0
1777232261246 0.8799 0
1777232261246 0.8799 0
1777232261246 0.8799 0
1777232261246 0.8799 0
1777232261246 0.8799 0
1777232261246 0.8799 0
1777232261246 0.8799 0
1777232261246 0.8799 0
1777232261246 0.8799 0
1777232261246 0.8799 0
1777232261246 0.8799 0
1777232261246 0.8799 0
1777232261246 0.8799 0
1777232261246 0.8799 0
1777232261246 0.8799 0
1777232261246 0.8799 0
1777232261246 0.8799 0
1777232261246 0.8799 0
1777232261246 0.8799 0
1777232261246 0.8799 0
1777232261246 0.8799 0
1777232261246 0.8799 0
1777232261246 0.8799 0
