1777232261246 0.9569 0
1777232261246 0.9569 0
1777232261246 0.9569 0
1777232261246 0.9569 0
1777232261246 0.9569 0
1777232261246 0.9569 0
1777232261246 0.9569 0
1777232261246 0.9569 0
1777232261246 0.9569 0
1777232261246 0.9569 0
1777232261246 0.9569 0
1777232261246 0.9569 0
1777232261246 0.9569 0
1777232261246 0.9569 0
1777232261246 0.9569 0
1777232261246 0.9569 0
1777232261246 0.9569 0
1777232261246 0.9569 0
1777232261246 0.9569 0
1777232261246 0.9569 0
1777232261246 0.9569 0
1777232261246 0.9569 0
1777232261246 0.9569 0
1777232261246 0.9569 0
1777232261246 0.9569 0
1777232261246 0.9569 0
1777232261246 0.9569 0
1777232261246 0.9569 0
1777232261246 0.9569 0
1777232261246 0.9569 0
1777232261246 0.9569 0
1777232261246 0.9569 0
