1777232261246 0.826 0
1777232261246 0.826 0
1777232261246 0.826 0
1777232261246 0.826 0
1777232261246 0.826 0
1777232261246 0.826 0
1777232261246 0.826 0
1777232261246 0.826 0
1777232261246 0.826 0
1777232261246 0.826 0
1777232261246 0.826 0
1777232261246 0.826 0
1777232261246 0.826 0
1777232261246 0.826 0
1777232261246 0.826 0
1777232261246 0.826 0
1777232261246 0.826 0
1777232261246 0.826 0
1777232261246 0.826 0
1777232261246 0.826 0
1777232261246 0.826 0
1777232261246 0.826 0
1777232261246 0.826 0
1777232261246 0.826 0
1777232261246 0.826 0
1777232261246 0.826 0
1777232261246 0.826 0
1777232261246 0.826 0
1777232261246 0.826 0
1777232261246 0.826 0
1777232261246 0.826 0
1777232261246 0.826 0
