1777232261246 0.8212 0
1777232261246 0.8212 0
1777232261246 0.8212 0
1777232261246 0.8212 0
1777232261246 0.8212 0
1777232261246 0.8212 0
1777232261246 0.8212 0
1777232261246 0.8212 0
1777232261246 0.8212 0
1777232261246 0.8212 0
1777232261246 0.8212 0
1777232261246 0.8212 0
1777232261246 0.8212 0
1777232261246 0.8212 0
1777232261246 0.8212 0
1777232261246 0.8212 0
1777232261246 0.8212 0
1777232261246 0.8212 0
1777232261246 0.8212 0
1777232261246 0.8212 0
1777232261246 0.8212 0
1777232261246 0.8212 0
1777232261246 0.8212 0
1777232261246 0.8212 0
1777232261246 0.8212 0
1777232261246 0.8212 0
1777232261246 0.8212 0
1777232261246 0.8212 0
1777232261246 0.8212 0
1777232261246 0.8212 0
1777232261246 0.8212 0
1777232261246 0.8212 0
