1777232261246 0.8799 0 3e2562103dd14264936b2451b0250ff8
1777232261246 0.8799 0 3e2562103dd14264936b2451b0250ff8
1777232261246 0.8799 0 3e2562103dd14264936b2451b0250ff8
1777232261246 0.8799 0 3e2562103dd14264936b2451b0250ff8
1777232261246 0.8799 0 3e2562103dd14264936b2451b0250ff8
1777232261246 0.8799 0 3e2562103dd14264936b2451b0250ff8
1777232261246 0.8799 0 3e2562103dd14264936b2451b0250ff8
1777232261246 0.8799 0 3e2562103dd14264936b2451b0250ff8
1777232261246 0.8799 0 3e2562103dd14264936b2451b0250ff8
1777232261246 0.8799 0 3e2562103dd14264936b2451b0250ff8
1777232261246 0.8799 0 3e2562103dd14264936b2451b0250ff8
1777232261246 0.8799 0 3e2562103dd14264936b2451b0250ff8
1777232261246 0.8799 0 3e2562103dd14264936b2451b0250ff8
1777232261246 0.8799 0 3e2562103dd14264936b2451b0250ff8
1777232261246 0.8799 0 3e2562103dd14264936b2451b0250ff8
1777232261246 0.8799 0 3e2562103dd14264936b2451b0250ff8
