1777232261246 0.9788 0 3e2562103dd14264936b2451b0250ff8
1777232261246 0.9788 0 3e2562103dd14264936b2451b0250ff8
1777232261246 0.9788 0 3e2562103dd14264936b2451b0250ff8
1777232261246 0.9788 0 3e2562103dd14264936b2451b0250ff8
1777232261246 0.9788 0 3e2562103dd14264936b2451b0250ff8
1777232261246 0.9788 0 3e2562103dd14264936b2451b0250ff8
1777232261246 0.9788 0 3e2562103dd14264936b2451b0250ff8
1777232261246 0.9788 0 3e2562103dd14264936b2451b0250ff8
1777232261246 0.9788 0 3e2562103dd14264936b2451b0250ff8
1777232261246 0.9788 0 3e2562103dd14264936b2451b0250ff8
1777232261246 0.9788 0 3e2562103dd14264936b2451b0250ff8
1777232261246 0.9788 0 3e2562103dd14264936b2451b0250ff8
1777232261246 0.9788 0 3e2562103dd14264936b2451b0250ff8
1777232261246 0.9788 0 3e2562103dd14264936b2451b0250ff8
1777232261246 0.9788 0 3e2562103dd14264936b2451b0250ff8
1777232261246 0.9788 0 3e2562103dd14264936b2451b0250ff8
