1778065270106 0.572 0
1778065270106 0.572 0
1778065270106 0.572 0
1778065270106 0.572 0
1778065270106 0.572 0
1778065270106 0.572 0
1778065270106 0.572 0
1778065270106 0.572 0
1778065270106 0.572 0
1778065270106 0.572 0
1778065270106 0.572 0
1778065270106 0.572 0
1778065270106 0.572 0
1778065270106 0.572 0
1778065270106 0.572 0
1778065270106 0.572 0
1778065270106 0.572 0
1778065270106 0.572 0
1778065270106 0.572 0
1778065270106 0.572 0
1778065270106 0.572 0
1778065270106 0.572 0
1778065270106 0.572 0
1778065270106 0.572 0
1778065270106 0.572 0
1778065270106 0.572 0
1778065270106 0.572 0
1778065270106 0.572 0
1778065270106 0.572 0
1778065270106 0.572 0
1778065270106 0.572 0
1778065270106 0.572 0
