1778065270106 0.8206 0
1778065270106 0.8206 0
1778065270106 0.8206 0
1778065270106 0.8206 0
1778065270106 0.8206 0
1778065270106 0.8206 0
1778065270106 0.8206 0
1778065270106 0.8206 0
1778065270106 0.8206 0
1778065270106 0.8206 0
1778065270106 0.8206 0
1778065270106 0.8206 0
1778065270106 0.8206 0
1778065270106 0.8206 0
1778065270106 0.8206 0
1778065270106 0.8206 0
1778065270106 0.8206 0
1778065270106 0.8206 0
1778065270106 0.8206 0
1778065270106 0.8206 0
1778065270106 0.8206 0
1778065270106 0.8206 0
1778065270106 0.8206 0
1778065270106 0.8206 0
1778065270106 0.8206 0
1778065270106 0.8206 0
1778065270106 0.8206 0
1778065270106 0.8206 0
1778065270106 0.8206 0
1778065270106 0.8206 0
1778065270106 0.8206 0
1778065270106 0.8206 0
