1778065270106 0.7919 0
1778065270106 0.7919 0
1778065270106 0.7919 0
1778065270106 0.7919 0
1778065270106 0.7919 0
1778065270106 0.7919 0
1778065270106 0.7919 0
1778065270106 0.7919 0
1778065270106 0.7919 0
1778065270106 0.7919 0
1778065270106 0.7919 0
1778065270106 0.7919 0
1778065270106 0.7919 0
1778065270106 0.7919 0
1778065270106 0.7919 0
1778065270106 0.7919 0
1778065270106 0.7919 0
1778065270106 0.7919 0
1778065270106 0.7919 0
1778065270106 0.7919 0
1778065270106 0.7919 0
1778065270106 0.7919 0
1778065270106 0.7919 0
1778065270106 0.7919 0
1778065270106 0.7919 0
1778065270106 0.7919 0
1778065270106 0.7919 0
1778065270106 0.7919 0
1778065270106 0.7919 0
1778065270106 0.7919 0
1778065270106 0.7919 0
1778065270106 0.7919 0
