1778065270106 0.8179 0
1778065270106 0.8179 0
1778065270106 0.8179 0
1778065270106 0.8179 0
1778065270106 0.8179 0
1778065270106 0.8179 0
1778065270106 0.8179 0
1778065270106 0.8179 0
1778065270106 0.8179 0
1778065270106 0.8179 0
1778065270106 0.8179 0
1778065270106 0.8179 0
1778065270106 0.8179 0
1778065270106 0.8179 0
1778065270106 0.8179 0
1778065270106 0.8179 0
1778065270106 0.8179 0
1778065270106 0.8179 0
1778065270106 0.8179 0
1778065270106 0.8179 0
1778065270106 0.8179 0
1778065270106 0.8179 0
1778065270106 0.8179 0
1778065270106 0.8179 0
1778065270106 0.8179 0
1778065270106 0.8179 0
1778065270106 0.8179 0
1778065270106 0.8179 0
1778065270106 0.8179 0
1778065270106 0.8179 0
1778065270106 0.8179 0
1778065270106 0.8179 0
