1778065270106 0.8921 0
1778065270106 0.8921 0
1778065270106 0.8921 0
1778065270106 0.8921 0
1778065270106 0.8921 0
1778065270106 0.8921 0
1778065270106 0.8921 0
1778065270106 0.8921 0
1778065270106 0.8921 0
1778065270106 0.8921 0
1778065270106 0.8921 0
1778065270106 0.8921 0
1778065270106 0.8921 0
1778065270106 0.8921 0
1778065270106 0.8921 0
1778065270106 0.8921 0
1778065270106 0.8921 0
1778065270106 0.8921 0
1778065270106 0.8921 0
1778065270106 0.8921 0
1778065270106 0.8921 0
1778065270106 0.8921 0
1778065270106 0.8921 0
1778065270106 0.8921 0
1778065270106 0.8921 0
1778065270106 0.8921 0
1778065270106 0.8921 0
1778065270106 0.8921 0
1778065270106 0.8921 0
1778065270106 0.8921 0
1778065270106 0.8921 0
1778065270106 0.8921 0
