1778065270106 1137394.18 0
1778065270106 1137394.18 0
1778065270106 1137394.18 0
1778065270106 1137394.18 0
1778065270106 1137394.18 0
1778065270106 1137394.18 0
1778065270106 1137394.18 0
1778065270106 1137394.18 0
1778065270106 1137394.18 0
1778065270106 1137394.18 0
1778065270106 1137394.18 0
1778065270106 1137394.18 0
1778065270106 1137394.18 0
1778065270106 1137394.18 0
1778065270106 1137394.18 0
1778065270106 1137394.18 0
1778065270106 1137394.18 0
1778065270106 1137394.18 0
1778065270106 1137394.18 0
1778065270106 1137394.18 0
1778065270106 1137394.18 0
1778065270106 1137394.18 0
1778065270106 1137394.18 0
1778065270106 1137394.18 0
1778065270106 1137394.18 0
1778065270106 1137394.18 0
1778065270106 1137394.18 0
1778065270106 1137394.18 0
1778065270106 1137394.18 0
1778065270106 1137394.18 0
1778065270106 1137394.18 0
1778065270106 1137394.18 0
