1778065270106 4.0 0
1778065270106 4.0 0
1778065270106 4.0 0
1778065270106 4.0 0
1778065270106 4.0 0
1778065270106 4.0 0
1778065270106 4.0 0
1778065270106 4.0 0
1778065270106 4.0 0
1778065270106 4.0 0
1778065270106 4.0 0
1778065270106 4.0 0
1778065270106 4.0 0
1778065270106 4.0 0
1778065270106 4.0 0
1778065270106 4.0 0
1778065270106 4.0 0
1778065270106 4.0 0
1778065270106 4.0 0
1778065270106 4.0 0
1778065270106 4.0 0
1778065270106 4.0 0
1778065270106 4.0 0
1778065270106 4.0 0
1778065270106 4.0 0
1778065270106 4.0 0
1778065270106 4.0 0
1778065270106 4.0 0
1778065270106 4.0 0
1778065270106 4.0 0
1778065270106 4.0 0
1778065270106 4.0 0
