1778065270106 0.82 0
1778065270106 0.82 0
1778065270106 0.82 0
1778065270106 0.82 0
1778065270106 0.82 0
1778065270106 0.82 0
1778065270106 0.82 0
1778065270106 0.82 0
1778065270106 0.82 0
1778065270106 0.82 0
1778065270106 0.82 0
1778065270106 0.82 0
1778065270106 0.82 0
1778065270106 0.82 0
1778065270106 0.82 0
1778065270106 0.82 0
1778065270106 0.82 0
1778065270106 0.82 0
1778065270106 0.82 0
1778065270106 0.82 0
1778065270106 0.82 0
1778065270106 0.82 0
1778065270106 0.82 0
1778065270106 0.82 0
1778065270106 0.82 0
1778065270106 0.82 0
1778065270106 0.82 0
1778065270106 0.82 0
1778065270106 0.82 0
1778065270106 0.82 0
1778065270106 0.82 0
1778065270106 0.82 0
