1778065270106 0.9117 0
1778065270106 0.9117 0
1778065270106 0.9117 0
1778065270106 0.9117 0
1778065270106 0.9117 0
1778065270106 0.9117 0
1778065270106 0.9117 0
1778065270106 0.9117 0
1778065270106 0.9117 0
1778065270106 0.9117 0
1778065270106 0.9117 0
1778065270106 0.9117 0
1778065270106 0.9117 0
1778065270106 0.9117 0
1778065270106 0.9117 0
1778065270106 0.9117 0
1778065270106 0.9117 0
1778065270106 0.9117 0
1778065270106 0.9117 0
1778065270106 0.9117 0
1778065270106 0.9117 0
1778065270106 0.9117 0
1778065270106 0.9117 0
1778065270106 0.9117 0
1778065270106 0.9117 0
1778065270106 0.9117 0
1778065270106 0.9117 0
1778065270106 0.9117 0
1778065270106 0.9117 0
1778065270106 0.9117 0
1778065270106 0.9117 0
1778065270106 0.9117 0
