1778065270106 0.8799 0
1778065270106 0.8799 0
1778065270106 0.8799 0
1778065270106 0.8799 0
1778065270106 0.8799 0
1778065270106 0.8799 0
1778065270106 0.8799 0
1778065270106 0.8799 0
1778065270106 0.8799 0
1778065270106 0.8799 0
1778065270106 0.8799 0
1778065270106 0.8799 0
1778065270106 0.8799 0
1778065270106 0.8799 0
1778065270106 0.8799 0
1778065270106 0.8799 0
1778065270106 0.8799 0
1778065270106 0.8799 0
1778065270106 0.8799 0
1778065270106 0.8799 0
1778065270106 0.8799 0
1778065270106 0.8799 0
1778065270106 0.8799 0
1778065270106 0.8799 0
1778065270106 0.8799 0
1778065270106 0.8799 0
1778065270106 0.8799 0
1778065270106 0.8799 0
1778065270106 0.8799 0
1778065270106 0.8799 0
1778065270106 0.8799 0
1778065270106 0.8799 0
