1778065270106 0.8212 0
1778065270106 0.8212 0
1778065270106 0.8212 0
1778065270106 0.8212 0
1778065270106 0.8212 0
1778065270106 0.8212 0
1778065270106 0.8212 0
1778065270106 0.8212 0
1778065270106 0.8212 0
1778065270106 0.8212 0
1778065270106 0.8212 0
1778065270106 0.8212 0
1778065270106 0.8212 0
1778065270106 0.8212 0
1778065270106 0.8212 0
1778065270106 0.8212 0
1778065270106 0.8212 0
1778065270106 0.8212 0
1778065270106 0.8212 0
1778065270106 0.8212 0
1778065270106 0.8212 0
1778065270106 0.8212 0
1778065270106 0.8212 0
1778065270106 0.8212 0
1778065270106 0.8212 0
1778065270106 0.8212 0
1778065270106 0.8212 0
1778065270106 0.8212 0
1778065270106 0.8212 0
1778065270106 0.8212 0
1778065270106 0.8212 0
1778065270106 0.8212 0
