1778065270106 0.826 0
1778065270106 0.826 0
1778065270106 0.826 0
1778065270106 0.826 0
1778065270106 0.826 0
1778065270106 0.826 0
1778065270106 0.826 0
1778065270106 0.826 0
1778065270106 0.826 0
1778065270106 0.826 0
1778065270106 0.826 0
1778065270106 0.826 0
1778065270106 0.826 0
1778065270106 0.826 0
1778065270106 0.826 0
1778065270106 0.826 0
1778065270106 0.826 0
1778065270106 0.826 0
1778065270106 0.826 0
1778065270106 0.826 0
1778065270106 0.826 0
1778065270106 0.826 0
1778065270106 0.826 0
1778065270106 0.826 0
1778065270106 0.826 0
1778065270106 0.826 0
1778065270106 0.826 0
1778065270106 0.826 0
1778065270106 0.826 0
1778065270106 0.826 0
1778065270106 0.826 0
1778065270106 0.826 0
