1778065270106 0.9824 0
1778065270106 0.9824 0
1778065270106 0.9824 0
1778065270106 0.9824 0
1778065270106 0.9824 0
1778065270106 0.9824 0
1778065270106 0.9824 0
1778065270106 0.9824 0
1778065270106 0.9824 0
1778065270106 0.9824 0
1778065270106 0.9824 0
1778065270106 0.9824 0
1778065270106 0.9824 0
1778065270106 0.9824 0
1778065270106 0.9824 0
1778065270106 0.9824 0
1778065270106 0.9824 0
1778065270106 0.9824 0
1778065270106 0.9824 0
1778065270106 0.9824 0
1778065270106 0.9824 0
1778065270106 0.9824 0
1778065270106 0.9824 0
1778065270106 0.9824 0
1778065270106 0.9824 0
1778065270106 0.9824 0
1778065270106 0.9824 0
1778065270106 0.9824 0
1778065270106 0.9824 0
1778065270106 0.9824 0
1778065270106 0.9824 0
1778065270106 0.9824 0
