1778065270106 0.9569 0
1778065270106 0.9569 0
1778065270106 0.9569 0
1778065270106 0.9569 0
1778065270106 0.9569 0
1778065270106 0.9569 0
1778065270106 0.9569 0
1778065270106 0.9569 0
1778065270106 0.9569 0
1778065270106 0.9569 0
1778065270106 0.9569 0
1778065270106 0.9569 0
1778065270106 0.9569 0
1778065270106 0.9569 0
1778065270106 0.9569 0
1778065270106 0.9569 0
1778065270106 0.9569 0
1778065270106 0.9569 0
1778065270106 0.9569 0
1778065270106 0.9569 0
1778065270106 0.9569 0
1778065270106 0.9569 0
1778065270106 0.9569 0
1778065270106 0.9569 0
1778065270106 0.9569 0
1778065270106 0.9569 0
1778065270106 0.9569 0
1778065270106 0.9569 0
1778065270106 0.9569 0
1778065270106 0.9569 0
1778065270106 0.9569 0
1778065270106 0.9569 0
