1778065270106 0.9788 0
1778065270106 0.9788 0
1778065270106 0.9788 0
1778065270106 0.9788 0
1778065270106 0.9788 0
1778065270106 0.9788 0
1778065270106 0.9788 0
1778065270106 0.9788 0
1778065270106 0.9788 0
1778065270106 0.9788 0
1778065270106 0.9788 0
1778065270106 0.9788 0
1778065270106 0.9788 0
1778065270106 0.9788 0
1778065270106 0.9788 0
1778065270106 0.9788 0
1778065270106 0.9788 0
1778065270106 0.9788 0
1778065270106 0.9788 0
1778065270106 0.9788 0
1778065270106 0.9788 0
1778065270106 0.9788 0
1778065270106 0.9788 0
1778065270106 0.9788 0
1778065270106 0.9788 0
1778065270106 0.9788 0
1778065270106 0.9788 0
1778065270106 0.9788 0
1778065270106 0.9788 0
1778065270106 0.9788 0
1778065270106 0.9788 0
1778065270106 0.9788 0
